0.030000 0.045166
0.040000 0.840617
0.050000 0.113511
0.060000 0.000706
0.070000 0.000000

0.030000 0.000008
0.040000 0.008731
0.050000 0.134746
0.060000 0.354404
0.070000 0.313713
0.080000 0.139509
0.090000 0.039233
0.100000 0.008050
0.110000 0.001319
0.120000 0.000177
0.130000 0.000022
0.140000 0.000004
0.150000 0.000000
0.160000 0.000000
0.170000 0.000000
0.180000 0.000000
0.190000 0.000001
0.200000 0.000001
0.210000 0.000001
0.220000 0.000001
0.230000 0.000001
0.240000 0.000000
0.250000 0.000000
0.260000 0.000001
0.270000 0.000001
0.280000 0.000001
0.290000 0.000001
0.300000 0.000000
0.310000 0.000000
0.320000 0.000000
0.330000 0.000001
0.340000 0.000001
0.350000 0.000000
0.360000 0.000000
0.370000 0.000000
0.380000 0.000000
0.390000 0.000000
0.400000 0.000000
0.410000 0.000000
0.420000 0.000001
0.430000 0.000001
0.440000 0.000000
0.450000 0.000000
0.460000 0.000001
0.470000 0.000001
0.480000 0.000001
0.490000 0.000000
0.500000 0.000000
0.510000 0.000000
0.520000 0.000001
0.530000 0.000001
0.540000 0.000000
0.550000 0.000000
0.560000 0.000000
0.570000 0.000000
0.580000 0.000000
0.590000 0.000000
0.600000 0.000000
0.610000 0.000000
0.620000 0.000000
0.630000 0.000000
0.640000 0.000000
0.650000 0.000000
0.660000 0.000001
0.670000 0.000000
0.680000 0.000000
0.690000 0.000000
0.700000 0.000000
0.710000 0.000000
0.720000 0.000000
0.730000 0.000000
0.740000 0.000000
0.750000 0.000000
0.770000 0.000000
0.780000 0.000000
0.790000 0.000000
0.800000 0.000000
0.810000 0.000000
0.820000 0.000000
0.830000 0.000000
0.840000 0.000000
0.850000 0.000000
0.860000 0.000000
0.870000 0.000000
0.880000 0.000000
0.890000 0.000000
0.900000 0.000000
0.910000 0.000000
0.920000 0.000000
0.930000 0.000000
0.940000 0.000000
0.950000 0.000000
0.960000 0.000000
0.970000 0.000000
0.980000 0.000000
0.990000 0.000000
1.000000 0.000000
1.010000 0.000000
1.020000 0.000000
1.030000 0.000000
1.050000 0.000000
1.070000 0.000000
1.080000 0.000000
1.100000 0.000000
1.110000 0.000000
1.130000 0.000000
1.140000 0.000000
1.150000 0.000000
1.160000 0.000000
1.170000 0.000000
1.180000 0.000000
1.190000 0.000000
1.210000 0.000000
1.220000 0.000000
1.230000 0.000000
1.240000 0.000000
1.260000 0.000000
1.270000 0.000000
1.290000 0.000000
1.300000 0.000000
1.310000 0.000000
1.320000 0.000000
1.330000 0.000000
1.340000 0.000000
1.350000 0.000000
1.360000 0.000000
1.370000 0.000000
1.390000 0.000000
1.410000 0.000000
1.420000 0.000000
1.430000 0.000000
1.440000 0.000001
1.460000 0.000000
1.470000 0.000000
1.490000 0.000000
1.500000 0.000000
1.520000 0.000000
1.530000 0.000000
1.540000 0.000000
1.560000 0.000000
1.570000 0.000000
1.590000 0.000000
1.610000 0.000000
1.620000 0.000000
1.630000 0.000000
1.640000 0.000000
1.650000 0.000000
1.660000 0.000000
1.670000 0.000000
1.680000 0.000000
1.690000 0.000000
1.700000 0.000000
1.720000 0.000000
1.750000 0.000000
1.760000 0.000000
1.770000 0.000000
1.780000 0.000000
1.800000 0.000000
1.830000 0.000000
1.840000 0.000000
1.850000 0.000000
1.860000 0.000000
1.890000 0.000000
1.900000 0.000000
1.920000 0.000000
1.940000 0.000000
1.950000 0.000000
1.970000 0.000000
1.980000 0.000000
1.990000 0.000000
2.000000 0.000000
2.010000 0.000000
2.020000 0.000000
2.050000 0.000000
2.060000 0.000000
2.070000 0.000000
2.080000 0.000000
2.110000 0.000000
2.120000 0.000000
2.130000 0.000000
2.150000 0.000000
2.160000 0.000000
2.190000 0.000000
2.220000 0.000000
2.230000 0.000000
2.240000 0.000000
2.270000 0.000000
2.280000 0.000000
2.310000 0.000000
2.320000 0.000000
2.330000 0.000000
2.340000 0.000000
2.350000 0.000000
2.390000 0.000000
2.400000 0.000000
2.440000 0.000000
2.450000 0.000000
2.460000 0.000000
2.480000 0.000000
2.500000 0.000000
2.510000 0.000000
2.520000 0.000000
2.530000 0.000000
2.560000 0.000000
2.600000 0.000000
2.610000 0.000000
2.620000 0.000000
2.630000 0.000000
2.640000 0.000000
2.650000 0.000000
2.670000 0.000000
2.720000 0.000000
2.760000 0.000000
2.820000 0.000000
2.830000 0.000000
2.840000 0.000000
2.850000 0.000000
2.860000 0.000000
2.870000 0.000000
2.890000 0.000000
2.900000 0.000000
2.940000 0.000000
2.950000 0.000000
2.960000 0.000000
2.970000 0.000000
2.980000 0.000000
3.000000 0.000000
3.010000 0.000000
3.030000 0.000000
3.050000 0.000000
3.100000 0.000000
3.110000 0.000000
3.120000 0.000000
3.130000 0.000000
3.140000 0.000000
3.200000 0.000000
3.210000 0.000000
3.250000 0.000000
3.290000 0.000000
3.300000 0.000000
3.310000 0.000000
3.350000 0.000000
3.360000 0.000000
3.370000 0.000000
3.390000 0.000000
3.410000 0.000000
3.430000 0.000000
3.440000 0.000000
3.450000 0.000000
3.460000 0.000000
3.480000 0.000000
3.510000 0.000000
3.520000 0.000000
3.540000 0.000000
3.580000 0.000000
3.600000 0.000000
3.620000 0.000000
3.630000 0.000000
3.640000 0.000000
3.650000 0.000000
3.680000 0.000000
3.730000 0.000000
3.780000 0.000000
3.790000 0.000000
3.800000 0.000000
3.840000 0.000000
3.890000 0.000000
3.970000 0.000000
3.980000 0.000000
3.990000 0.000000
4.000000 0.000000
4.050000 0.000000
4.070000 0.000000
4.160000 0.000000
4.200000 0.000000
4.220000 0.000000
4.270000 0.000000
4.280000 0.000000
4.310000 0.000000
4.350000 0.000000
4.360000 0.000000
4.380000 0.000000
4.480000 0.000000
4.540000 0.000000
4.550000 0.000000
4.560000 0.000000
4.570000 0.000000
4.680000 0.000000
4.760000 0.000000
4.820000 0.000000
4.840000 0.000000
4.900000 0.000000
4.910000 0.000000
4.920000 0.000000
4.930000 0.000000
5.000000 0.000000
5.010000 0.000000
5.020000 0.000000
5.100000 0.000000
5.110000 0.000000
5.120000 0.000000
5.150000 0.000000
5.160000 0.000000
5.170000 0.000000
5.190000 0.000000
5.300000 0.000000
5.350000 0.000000
5.360000 0.000000
5.370000 0.000000
5.470000 0.000000
5.540000 0.000000
5.600000 0.000000
5.610000 0.000000
5.620000 0.000000
5.630000 0.000000
5.650000 0.000000
5.660000 0.000000
5.750000 0.000000
5.860000 0.000000
5.900000 0.000000
5.930000 0.000000
5.940000 0.000000
6.000000 0.000000
6.010000 0.000000
6.020000 0.000000
6.050000 0.000000
6.070000 0.000000
6.080000 0.000000
6.090000 0.000000
6.180000 0.000000
6.300000 0.000000
6.380000 0.000000
6.400000 0.000000
6.490000 0.000000
6.530000 0.000000
6.600000 0.000000
6.640000 0.000000
6.650000 0.000000
6.700000 0.000000
6.710000 0.000000
6.730000 0.000000
6.750000 0.000000
6.800000 0.000000
6.850000 0.000000
6.880000 0.000000
6.890000 0.000000
6.900000 0.000000
6.910000 0.000000
6.960000 0.000000
6.980000 0.000000
6.990000 0.000000
7.120000 0.000000
7.140000 0.000000
7.150000 0.000000
7.190000 0.000000
7.210000 0.000000
7.230000 0.000000
7.350000 0.000000
7.430000 0.000000
7.440000 0.000000
7.480000 0.000000
7.530000 0.000000
7.560000 0.000000
7.600000 0.000000
7.610000 0.000000
7.620000 0.000000
7.630000 0.000000
7.710000 0.000000
7.720000 0.000000
7.750000 0.000000
7.780000 0.000000
7.790000 0.000000
7.830000 0.000000
7.870000 0.000000
7.900000 0.000000
7.910000 0.000000
7.930000 0.000000
7.950000 0.000000
7.980000 0.000000
7.990000 0.000000
8.010000 0.000000
8.030000 0.000000
8.050000 0.000000
8.070000 0.000000
8.130000 0.000000
8.140000 0.000000
8.210000 0.000000
8.230000 0.000000
8.250000 0.000000
8.260000 0.000000
8.270000 0.000000
8.280000 0.000000
8.290000 0.000000
8.340000 0.000000
8.370000 0.000000
8.410000 0.000000
8.420000 0.000000
8.540000 0.000000
8.570000 0.000000
8.680000 0.000000
8.800000 0.000000
8.870000 0.000000
8.920000 0.000000
8.960000 0.000000
9.020000 0.000000
9.030000 0.000000
9.040000 0.000000
9.170000 0.000000
9.180000 0.000000
9.190000 0.000000
9.200000 0.000000
9.220000 0.000000
9.240000 0.000000
9.350000 0.000000
9.380000 0.000000
9.410000 0.000000
9.460000 0.000000
9.480000 0.000000
9.500000 0.000000
9.510000 0.000000
9.520000 0.000000
9.540000 0.000000
9.560000 0.000000
9.610000 0.000000
9.630000 0.000000
9.640000 0.000000
9.650000 0.000000
9.670000 0.000000
9.700000 0.000000
9.770000 0.000000
9.780000 0.000000
9.900000 0.000000
9.920000 0.000000

