0.030000 0.050373
0.040000 0.837317
0.050000 0.111545
0.060000 0.000764
0.070000 0.000001

0.030000 0.000007
0.040000 0.008787
0.050000 0.136029
0.060000 0.355369
0.070000 0.313115
0.080000 0.138562
0.090000 0.038661
0.100000 0.007980
0.110000 0.001284
0.120000 0.000186
0.130000 0.000020
0.140000 0.000001
0.150000 0.000000

0.050000 0.000000
0.060000 0.000006
0.070000 0.000073
0.080000 0.000385
0.090000 0.001436
0.100000 0.003951
0.110000 0.008822
0.120000 0.016358
0.130000 0.026498
0.140000 0.038403
0.150000 0.050963
0.160000 0.062627
0.170000 0.072192
0.180000 0.078539
0.190000 0.081359
0.200000 0.080536
0.210000 0.076587
0.220000 0.070314
0.230000 0.062801
0.240000 0.054670
0.250000 0.046073
0.260000 0.037953
0.270000 0.030695
0.280000 0.024290
0.290000 0.018884
0.300000 0.014442
0.310000 0.010901
0.320000 0.008061
0.330000 0.005887
0.340000 0.004255
0.350000 0.003016
0.360000 0.002131
0.370000 0.001474
0.380000 0.001019
0.390000 0.000687
0.400000 0.000468
0.410000 0.000322
0.420000 0.000217
0.430000 0.000147
0.440000 0.000101
0.450000 0.000068
0.460000 0.000045
0.470000 0.000031
0.480000 0.000025
0.490000 0.000019
0.500000 0.000016
0.510000 0.000013
0.520000 0.000010
0.530000 0.000008
0.540000 0.000007
0.550000 0.000007
0.560000 0.000005
0.570000 0.000005
0.580000 0.000004
0.590000 0.000004
0.600000 0.000003
0.610000 0.000003
0.620000 0.000004
0.630000 0.000003
0.640000 0.000002
0.650000 0.000001
0.660000 0.000001
0.670000 0.000002
0.680000 0.000001
0.690000 0.000001
0.700000 0.000001
0.710000 0.000000
0.720000 0.000000
0.730000 0.000000
0.740000 0.000000
0.750000 0.000001
0.760000 0.000001
0.770000 0.000001
0.780000 0.000001
0.790000 0.000001
0.800000 0.000001
0.810000 0.000000
0.820000 0.000000
0.830000 0.000000
0.840000 0.000000
0.850000 0.000000
0.860000 0.000000
0.870000 0.000000
0.880000 0.000000
0.890000 0.000000
0.900000 0.000000
0.910000 0.000000
0.920000 0.000000
0.930000 0.000000
0.940000 0.000001
0.950000 0.000001
0.960000 0.000001
0.970000 0.000000
0.980000 0.000000
0.990000 0.000000
1.000000 0.000000
1.010000 0.000000
1.020000 0.000001
1.030000 0.000000
1.040000 0.000000
1.050000 0.000000
1.060000 0.000000
1.070000 0.000000
1.080000 0.000000
1.100000 0.000000
1.110000 0.000000
1.120000 0.000000
1.130000 0.000000
1.140000 0.000001
1.150000 0.000001
1.160000 0.000001
1.170000 0.000001
1.180000 0.000001
1.190000 0.000001
1.200000 0.000000
1.210000 0.000000
1.220000 0.000000
1.230000 0.000000
1.240000 0.000000
1.250000 0.000001
1.260000 0.000001
1.270000 0.000001
1.280000 0.000000
1.290000 0.000000
1.300000 0.000001
1.310000 0.000000
1.320000 0.000001
1.330000 0.000000
1.340000 0.000000
1.350000 0.000000
1.360000 0.000000
1.370000 0.000000
1.380000 0.000000
1.390000 0.000001
1.400000 0.000000
1.410000 0.000001
1.420000 0.000001
1.430000 0.000001
1.440000 0.000001
1.450000 0.000001
1.460000 0.000000
1.470000 0.000000
1.480000 0.000000
1.490000 0.000000
1.500000 0.000000
1.510000 0.000000
1.520000 0.000000
1.530000 0.000000
1.540000 0.000000
1.550000 0.000000
1.560000 0.000001
1.570000 0.000000
1.580000 0.000000
1.590000 0.000000
1.600000 0.000000
1.610000 0.000000
1.620000 0.000000
1.630000 0.000000
1.640000 0.000000
1.650000 0.000000
1.670000 0.000000
1.680000 0.000000
1.700000 0.000000
1.710000 0.000000
1.720000 0.000000
1.730000 0.000000
1.740000 0.000000
1.750000 0.000000
1.760000 0.000000
1.770000 0.000000
1.780000 0.000000
1.790000 0.000000
1.800000 0.000000
1.810000 0.000000
1.820000 0.000000
1.830000 0.000000
1.850000 0.000000
1.860000 0.000000
1.870000 0.000000
1.880000 0.000000
1.890000 0.000000
1.900000 0.000000
1.910000 0.000000
1.920000 0.000001
1.930000 0.000000
1.940000 0.000000
1.950000 0.000000
1.960000 0.000000
1.970000 0.000000
1.980000 0.000000
2.000000 0.000000
2.010000 0.000000
2.020000 0.000000
2.040000 0.000000
2.050000 0.000000
2.060000 0.000000
2.080000 0.000000
2.090000 0.000000
2.100000 0.000000
2.110000 0.000000
2.130000 0.000000
2.140000 0.000000
2.150000 0.000000
2.160000 0.000000
2.170000 0.000000
2.180000 0.000000
2.190000 0.000000
2.200000 0.000000
2.210000 0.000000
2.220000 0.000000
2.230000 0.000000
2.240000 0.000000
2.260000 0.000000
2.280000 0.000000
2.290000 0.000000
2.300000 0.000000
2.310000 0.000000
2.330000 0.000000
2.340000 0.000000
2.370000 0.000000
2.390000 0.000000
2.400000 0.000000
2.410000 0.000000
2.420000 0.000000
2.430000 0.000000
2.440000 0.000000
2.450000 0.000000
2.460000 0.000000
2.470000 0.000000
2.480000 0.000000
2.490000 0.000000
2.500000 0.000000
2.520000 0.000000
2.530000 0.000000
2.570000 0.000000
2.580000 0.000000
2.590000 0.000000
2.630000 0.000000
2.640000 0.000000
2.650000 0.000000
2.660000 0.000000
2.670000 0.000000
2.680000 0.000000
2.690000 0.000000
2.700000 0.000000
2.730000 0.000000
2.740000 0.000000
2.750000 0.000000
2.790000 0.000000
2.800000 0.000000
2.810000 0.000000
2.830000 0.000000
2.840000 0.000000
2.850000 0.000000
2.860000 0.000000
2.870000 0.000000
2.880000 0.000000
2.890000 0.000000
2.900000 0.000000
2.910000 0.000000
2.920000 0.000000
2.930000 0.000000
2.940000 0.000000
2.970000 0.000000
2.980000 0.000000
2.990000 0.000000
3.020000 0.000000
3.030000 0.000000
3.060000 0.000000
3.070000 0.000000
3.080000 0.000000
3.090000 0.000000
3.100000 0.000000
3.110000 0.000000
3.130000 0.000000
3.140000 0.000000
3.150000 0.000000
3.160000 0.000000
3.170000 0.000000
3.190000 0.000000
3.200000 0.000000
3.210000 0.000000
3.220000 0.000000
3.230000 0.000000
3.240000 0.000000
3.250000 0.000000
3.260000 0.000000
3.270000 0.000000
3.280000 0.000000
3.290000 0.000000
3.300000 0.002124
3.330000 0.000000
3.340000 0.000000
3.360000 0.000000
3.370000 0.000000
3.410000 0.000000
3.430000 0.000000
3.440000 0.000000
3.450000 0.000000
3.470000 0.000000
3.490000 0.000000
3.500000 0.000000
3.510000 0.000000
3.520000 0.000000
3.530000 0.000000

