0.030000 0.044450
0.040000 0.842080
0.050000 0.112742
0.060000 0.000728
0.070000 0.000001

0.030000 0.000006
0.040000 0.007940
0.050000 0.134369
0.060000 0.360387
0.070000 0.310924
0.080000 0.138113
0.090000 0.038637
0.100000 0.008028
0.110000 0.001298
0.120000 0.000272
0.130000 0.000020
0.140000 0.000004
0.150000 0.000001
0.160000 0.000000

0.050000 0.000000
0.060000 0.000006
0.070000 0.000064
0.080000 0.000378
0.090000 0.001409
0.100000 0.003860
0.110000 0.008682
0.120000 0.016071
0.130000 0.026138
0.140000 0.038055
0.150000 0.050803
0.160000 0.062248
0.170000 0.071635
0.180000 0.079085
0.190000 0.080755
0.200000 0.080645
0.210000 0.077560
0.220000 0.070629
0.230000 0.063761
0.240000 0.054715
0.250000 0.046299
0.260000 0.038401
0.270000 0.031259
0.280000 0.024504
0.290000 0.019058
0.300000 0.014612
0.310000 0.011016
0.320000 0.008118
0.330000 0.005919
0.340000 0.004237
0.350000 0.003022
0.360000 0.002132
0.370000 0.001479
0.380000 0.001038
0.390000 0.000719
0.400000 0.000484
0.410000 0.000323
0.420000 0.000213
0.430000 0.000142
0.440000 0.000096
0.450000 0.000058
0.460000 0.000040
0.470000 0.000025
0.480000 0.000018
0.490000 0.000010
0.500000 0.000006
0.510000 0.000004
0.520000 0.000003
0.530000 0.000002
0.540000 0.000002
0.550000 0.000001
0.560000 0.000002
0.570000 0.000001
0.580000 0.000002
0.590000 0.000001
0.600000 0.000000
0.610000 0.000001
0.620000 0.000001
0.630000 0.000000
0.640000 0.000000
0.650000 0.000000
0.660000 0.000000
0.670000 0.000000
0.680000 0.000000
0.690000 0.000000
0.700000 0.000000
0.710000 0.000000
0.720000 0.000000
0.730000 0.000001
0.740000 0.000001
0.750000 0.000001
0.760000 0.000001
0.770000 0.000000
0.780000 0.000000
0.790000 0.000000
0.800000 0.000000
0.810000 0.000001
0.820000 0.000001
0.830000 0.000000
0.840000 0.000001
0.850000 0.000001
0.860000 0.000001
0.870000 0.000001
0.880000 0.000001
0.890000 0.000002
0.900000 0.000001
0.910000 0.000001
0.920000 0.000001
0.930000 0.000001
0.940000 0.000000
0.950000 0.000000
0.960000 0.000001
0.970000 0.000001
0.980000 0.000001
0.990000 0.000000
1.000000 0.000000
1.010000 0.000001
1.020000 0.000000
1.030000 0.000000
1.040000 0.000001
1.050000 0.000001
1.060000 0.000001
1.070000 0.000001
1.080000 0.000002
1.090000 0.000002
1.100000 0.000001
1.110000 0.000001
1.120000 0.000001
1.130000 0.000000
1.140000 0.000000
1.150000 0.000000
1.160000 0.000000
1.170000 0.000001
1.180000 0.000001
1.190000 0.000000
1.200000 0.000000
1.210000 0.000000
1.220000 0.000000
1.230000 0.000000
1.240000 0.000000
1.250000 0.000000
1.260000 0.000000
1.270000 0.000000
1.280000 0.000000
1.290000 0.000000
1.300000 0.000000
1.310000 0.000001
1.320000 0.000001
1.330000 0.000000
1.340000 0.000000
1.350000 0.000000
1.360000 0.000000
1.370000 0.000000
1.380000 0.000000
1.390000 0.000000
1.400000 0.000000
1.410000 0.000000
1.420000 0.000000
1.430000 0.000000
1.440000 0.000000
1.450000 0.000000
1.460000 0.000000
1.470000 0.000000
1.480000 0.000000
1.490000 0.000000
1.500000 0.000000
1.510000 0.000001
1.520000 0.000001
1.530000 0.000001
1.540000 0.000001
1.550000 0.000001
1.560000 0.000001
1.570000 0.000001
1.580000 0.000001
1.590000 0.000000
1.600000 0.000000
1.610000 0.000000
1.620000 0.000000
1.630000 0.000000
1.640000 0.000000
1.650000 0.000000
1.660000 0.000000
1.670000 0.000000
1.680000 0.000000
1.690000 0.000000
1.700000 0.000000
1.710000 0.000000
1.720000 0.000000
1.730000 0.000000
1.740000 0.000000
1.750000 0.000000
1.760000 0.000000
1.770000 0.000000
1.780000 0.000000
1.790000 0.000001
1.800000 0.000001
1.810000 0.000001
1.820000 0.000000
1.830000 0.000000
1.840000 0.000000
1.850000 0.000000
1.860000 0.000000
1.870000 0.000000
1.880000 0.000000
1.890000 0.000000
1.900000 0.000000
1.910000 0.000001
1.920000 0.000000
1.930000 0.000000
1.940000 0.000000
1.950000 0.000000
1.960000 0.000000
1.980000 0.000000
1.990000 0.000000
2.000000 0.000000
2.010000 0.000000
2.020000 0.000000
2.030000 0.000000
2.040000 0.000000
2.050000 0.000000
2.060000 0.000000
2.070000 0.000000
2.080000 0.000000
2.090000 0.000000
2.100000 0.000000
2.110000 0.000000
2.120000 0.000000
2.130000 0.000000
2.140000 0.000000
2.150000 0.000000
2.160000 0.000000
2.170000 0.000000
2.180000 0.000000
2.190000 0.000000
2.200000 0.000000
2.210000 0.000000
2.220000 0.000000
2.240000 0.000000
2.250000 0.000000
2.260000 0.000000
2.270000 0.000000
2.280000 0.000000
2.290000 0.000000
2.300000 0.000000
2.320000 0.000000
2.330000 0.000000
2.340000 0.000000
2.350000 0.000000
2.370000 0.000000
2.380000 0.000000
2.400000 0.000000
2.430000 0.000000
2.440000 0.000000
2.480000 0.000000
2.500000 0.000000
2.510000 0.000000
2.520000 0.000000
2.540000 0.000000
2.550000 0.000000
2.560000 0.000000
2.570000 0.000000
2.590000 0.000000
2.610000 0.000000
2.620000 0.000000
2.630000 0.000000
2.640000 0.000000
2.650000 0.000000
2.660000 0.000000
2.670000 0.000000
2.680000 0.000000
2.690000 0.000000
2.700000 0.000000
2.710000 0.000000
2.720000 0.000000
2.740000 0.000000
2.750000 0.000000
2.790000 0.000000
2.800000 0.000000
2.810000 0.000000
2.820000 0.000000
2.830000 0.000000
2.840000 0.000000
2.850000 0.000000
2.870000 0.000000
2.880000 0.000000
2.890000 0.000000
2.900000 0.000000
2.930000 0.000000
2.950000 0.000000
2.960000 0.000000
2.970000 0.000000
2.980000 0.000000
3.010000 0.000000
3.060000 0.000000
3.090000 0.000000
3.100000 0.000000
3.110000 0.000000
3.120000 0.000000
3.130000 0.000000
3.140000 0.000000
3.150000 0.000000
3.160000 0.000000
3.170000 0.000000
3.180000 0.000000
3.190000 0.000000
3.200000 0.000000
3.210000 0.000000
3.220000 0.000000
3.230000 0.000000
3.240000 0.000000
3.250000 0.000000
3.280000 0.000000
3.290000 0.000000
3.330000 0.000000
3.340000 0.000000
3.350000 0.000000
3.360000 0.000000
3.370000 0.000000
3.380000 0.000000
3.430000 0.000000
3.440000 0.000000
3.450000 0.000000
3.500000 0.000000
3.510000 0.000000
3.530000 0.000000
3.540000 0.000000
3.550000 0.000000
3.560000 0.000000
3.570000 0.000000
3.590000 0.000000
3.600000 0.000000
3.610000 0.000000
3.620000 0.000000
3.630000 0.000000
3.640000 0.000000
3.660000 0.000000
3.670000 0.000000
3.680000 0.000000
3.690000 0.000000
3.700000 0.000000
3.710000 0.000000
3.720000 0.000000
3.730000 0.000000
3.740000 0.000000
3.760000 0.000000
3.770000 0.000000
3.810000 0.000000
3.830000 0.000000
3.840000 0.000000
3.850000 0.000000
3.890000 0.000000
3.900000 0.000000
3.910000 0.000000
3.920000 0.000000
3.930000 0.000000
3.940000 0.000000
3.960000 0.000000
4.000000 0.000000
4.010000 0.000000
4.020000 0.000000
4.040000 0.000000
4.050000 0.000000
4.090000 0.000000
4.100000 0.000000
4.120000 0.000000
4.140000 0.000000
4.150000 0.000000
4.160000 0.000000
4.170000 0.000000
4.180000 0.000000
4.190000 0.000000
4.200000 0.000000
4.210000 0.000000
4.220000 0.000000
4.230000 0.000000
4.250000 0.000000
4.260000 0.000000
4.270000 0.000000
4.290000 0.000000
4.300000 0.000000
4.310000 0.000000
4.330000 0.000000
4.340000 0.000000
4.350000 0.000000
4.360000 0.000000
4.370000 0.000000
4.380000 0.000000
4.430000 0.000000
4.440000 0.000000
4.450000 0.000000
4.460000 0.000000
4.530000 0.000000
4.540000 0.000000
4.550000 0.000000
4.560000 0.000000
4.570000 0.000000
4.630000 0.000000
4.640000 0.000000
4.650000 0.000000
4.660000 0.000000
4.680000 0.000000
4.720000 0.000000
4.730000 0.000000
4.740000 0.000000
4.750000 0.000000
4.760000 0.000000
4.770000 0.000000
4.830000 0.000000
4.840000 0.000000
4.850000 0.000000
4.860000 0.000000
4.870000 0.000000
4.880000 0.000000
4.890000 0.000000
4.930000 0.000000
4.940000 0.000000
4.950000 0.000000
4.970000 0.000000
4.980000 0.000000
5.000000 0.000000
5.010000 0.000000
5.070000 0.000000
5.100000 0.000000
5.110000 0.000000
5.140000 0.000000
5.150000 0.000000
5.170000 0.000000
5.180000 0.000000
5.220000 0.000000
5.230000 0.000000
5.240000 0.000000
5.290000 0.000000
5.300000 0.000000
5.370000 0.000000
5.390000 0.000000
5.440000 0.000000
5.520000 0.000000
5.580000 0.000000
5.590000 0.000000
5.600000 0.000000
5.620000 0.000000
5.630000 0.000000
5.640000 0.000000
5.650000 0.000000
5.720000 0.000000
5.740000 0.000000
5.760000 0.000000
5.770000 0.000000
5.780000 0.000000
5.790000 0.000000
5.800000 0.000000
5.810000 0.000000
5.850000 0.000000
5.860000 0.000000
5.870000 0.000000
5.880000 0.000000
5.900000 0.000000
5.960000 0.000000
5.970000 0.000000
5.980000 0.000000
5.990000 0.000000
6.000000 0.000000
6.020000 0.000000
6.050000 0.000000
6.060000 0.000000
6.070000 0.000000
6.120000 0.000000
6.140000 0.000000
6.170000 0.000000
6.210000 0.000000
6.220000 0.000000
6.230000 0.000000
6.250000 0.000000
6.260000 0.000000
6.270000 0.000000
6.280000 0.000000
6.300000 0.000000
6.320000 0.000000
6.330000 0.000000
6.340000 0.000000
6.440000 0.000000
6.480000 0.000000
6.500000 0.000000
6.510000 0.000000
6.610000 0.000000
6.620000 0.000000
6.660000 0.000000
6.670000 0.000000
6.680000 0.000000
6.690000 0.000000
6.700000 0.000000
6.720000 0.000000
6.730000 0.000000
6.790000 0.000000
6.820000 0.000000
6.830000 0.000000
6.840000 0.000000
6.850000 0.000000
6.880000 0.000000
6.890000 0.000000
6.900000 0.000000
6.910000 0.000000
6.920000 0.000000
7.040000 0.000000
7.050000 0.000000
7.060000 0.000000
7.070000 0.000000
7.080000 0.000000
7.090000 0.000000
7.110000 0.000000
7.140000 0.000000
7.150000 0.000000
7.160000 0.000000
7.170000 0.000000
7.180000 0.000000
7.190000 0.000000
7.210000 0.000000
7.230000 0.000000
7.240000 0.000000
7.250000 0.000000
7.350000 0.000000
7.430000 0.000000
7.440000 0.000000
7.450000 0.000000
7.540000 0.000000
7.590000 0.000000
7.600000 0.000000
7.610000 0.000000
7.620000 0.000000
7.680000 0.000000
7.700000 0.000000
7.780000 0.000000
7.790000 0.000000
7.800000 0.000000
7.830000 0.000000
7.840000 0.000000
7.850000 0.000000
7.870000 0.000000
7.880000 0.000000
7.890000 0.000000
7.900000 0.000000
7.910000 0.000000
8.000000 0.000000
8.020000 0.000000
8.030000 0.000000
8.040000 0.000000
8.060000 0.000000
8.070000 0.000000
8.080000 0.000000
8.090000 0.000000
8.100000 0.000000
8.110000 0.000000
8.120000 0.000000
8.130000 0.000000
8.240000 0.000000
8.280000 0.000000
8.300000 0.000000
8.410000 0.000000
8.430000 0.000000
8.440000 0.000000
8.480000 0.000000
8.490000 0.000000
8.590000 0.000000
8.730000 0.000000
8.750000 0.000000
8.760000 0.000000
8.770000 0.000000
8.780000 0.000000
8.790000 0.000000
8.800000 0.000000
8.810000 0.000000
8.820000 0.000000
8.830000 0.000000
8.840000 0.000000
8.850000 0.000000
8.910000 0.000000
8.940000 0.000000
9.010000 0.000000
9.030000 0.000000
9.040000 0.000000
9.050000 0.000000
9.060000 0.000000
9.070000 0.000000
9.080000 0.000000
9.090000 0.000000
9.100000 0.000000
9.120000 0.000000
9.130000 0.000000
9.160000 0.000000
9.210000 0.000000
9.340000 0.000000
9.350000 0.000000
9.420000 0.000000
9.450000 0.000000
9.460000 0.000000
9.470000 0.000000
9.490000 0.000000
9.650000 0.000000
9.710000 0.000000
9.820000 0.000000
9.850000 0.000000
9.860000 0.000000
9.870000 0.000000
9.980000 0.000174

0.080000 0.000000
0.090000 0.000000
0.100000 0.000001
0.110000 0.000002
0.120000 0.000004
0.130000 0.000008
0.140000 0.000017
0.150000 0.000032
0.160000 0.000061
0.170000 0.000093
0.180000 0.000148
0.190000 0.000230
0.200000 0.000332
0.210000 0.000454
0.220000 0.000634
0.230000 0.000860
0.240000 0.001155
0.250000 0.001494
0.260000 0.001900
0.270000 0.002388
0.280000 0.002944
0.290000 0.003616
0.300000 0.004354
0.310000 0.005204
0.320000 0.006119
0.330000 0.007112
0.340000 0.008193
0.350000 0.009287
0.360000 0.010399
0.370000 0.011538
0.380000 0.012737
0.390000 0.013850
0.400000 0.014905
0.410000 0.016029
0.420000 0.017127
0.430000 0.018217
0.440000 0.019151
0.450000 0.020054
0.460000 0.020823
0.470000 0.021523
0.480000 0.022213
0.490000 0.022740
0.500000 0.023154
0.510000 0.023423
0.520000 0.023710
0.530000 0.023903
0.540000 0.023950
0.550000 0.023891
0.560000 0.023782
0.570000 0.023610
0.580000 0.023335
0.590000 0.023002
0.600000 0.022628
0.610000 0.022213
0.620000 0.021794
0.630000 0.021250
0.640000 0.020690
0.650000 0.020130
0.660000 0.019524
0.670000 0.018868
0.680000 0.018155
0.690000 0.017497
0.700000 0.016830
0.710000 0.016079
0.720000 0.015370
0.730000 0.014650
0.740000 0.013939
0.750000 0.013287
0.760000 0.012565
0.770000 0.011890
0.780000 0.011271
0.790000 0.010621
0.800000 0.010021
0.810000 0.009357
0.820000 0.008766
0.830000 0.008170
0.840000 0.007671
0.850000 0.007087
0.860000 0.006580
0.870000 0.006114
0.880000 0.005642
0.890000 0.005220
0.900000 0.004783
0.910000 0.004392
0.920000 0.004022
0.930000 0.003678
0.940000 0.003370
0.950000 0.003070
0.960000 0.002819
0.970000 0.002558
0.980000 0.002362
0.990000 0.002124
1.000000 0.001925
1.010000 0.001748
1.020000 0.001593
1.030000 0.001446
1.040000 0.001304
1.050000 0.001173
1.060000 0.001053
1.070000 0.000967
1.080000 0.000866
1.090000 0.000780
1.100000 0.000690
1.110000 0.000610
1.120000 0.000536
1.130000 0.000485
1.140000 0.000423
1.150000 0.000375
1.160000 0.000336
1.170000 0.000305
1.180000 0.000269
1.190000 0.000238
1.200000 0.000213
1.210000 0.000188
1.220000 0.000171
1.230000 0.000150
1.240000 0.000131
1.250000 0.000117
1.260000 0.000103
1.270000 0.000088
1.280000 0.000079
1.290000 0.000068
1.300000 0.000059
1.310000 0.000053
1.320000 0.000045
1.330000 0.000040
1.340000 0.000036
1.350000 0.000032
1.360000 0.000028
1.370000 0.000025
1.380000 0.000022
1.390000 0.000020
1.400000 0.000020
1.410000 0.000017
1.420000 0.000016
1.430000 0.000013
1.440000 0.000012
1.450000 0.000011
1.460000 0.000010
1.470000 0.000008
1.480000 0.000008
1.490000 0.000006
1.500000 0.000006
1.510000 0.000005
1.520000 0.000005
1.530000 0.000004
1.540000 0.000003
1.550000 0.000003
1.560000 0.000003
1.570000 0.000002
1.580000 0.000002
1.590000 0.000002
1.600000 0.000001
1.610000 0.000001
1.620000 0.000001
1.630000 0.000001
1.640000 0.000001
1.650000 0.000001
1.660000 0.000000
1.670000 0.000000
1.680000 0.000000
1.690000 0.000000
1.700000 0.000000
1.710000 0.000000
1.720000 0.000000
1.730000 0.000000
1.740000 0.000000
1.750000 0.000000
1.760000 0.000000
1.770000 0.000000
1.780000 0.000000
1.790000 0.000000
1.800000 0.000000
1.810000 0.000000
1.820000 0.000000
1.830000 0.000000
1.840000 0.000001
1.850000 0.000000
1.860000 0.000000
1.870000 0.000000
1.880000 0.000000
1.890000 0.000001
1.900000 0.000000
1.910000 0.000000
1.920000 0.000001
1.930000 0.000001
1.940000 0.000001
1.950000 0.000001
1.960000 0.000001
1.970000 0.000000
1.980000 0.000000
1.990000 0.000000
2.000000 0.000000
2.010000 0.000000
2.020000 0.000000
2.030000 0.000000
2.040000 0.000000
2.050000 0.000000
2.060000 0.000000
2.070000 0.000000
2.080000 0.000000
2.090000 0.000000
2.100000 0.000000
2.110000 0.000000
2.120000 0.000000
2.130000 0.000000
2.140000 0.000000
2.150000 0.000000
2.160000 0.000000
2.170000 0.000000
2.180000 0.000000
2.190000 0.000000
2.200000 0.000000
2.210000 0.000000
2.220000 0.000000
2.230000 0.000000
2.240000 0.000000
2.250000 0.000000
2.270000 0.000000
2.280000 0.000000
2.290000 0.000000
2.300000 0.000000
2.310000 0.000000
2.320000 0.000000
2.330000 0.000000
2.340000 0.000000
2.350000 0.000000
2.360000 0.000000
2.370000 0.000000
2.380000 0.000000
2.390000 0.000000
2.400000 0.000000
2.410000 0.000000
2.420000 0.000000
2.430000 0.000000
2.440000 0.000000
2.450000 0.000000
2.460000 0.000000
2.470000 0.000000
2.480000 0.000000
2.490000 0.000000
2.500000 0.000000
2.510000 0.000000
2.520000 0.000000
2.530000 0.000000
2.540000 0.000000
2.550000 0.000000
2.560000 0.000000
2.570000 0.000000
2.580000 0.000000
2.590000 0.000000
2.600000 0.000000
2.610000 0.000000
2.620000 0.000000
2.630000 0.000000
2.640000 0.000000
2.650000 0.000000
2.660000 0.000000
2.670000 0.000000
2.680000 0.000000
2.690000 0.000000
2.700000 0.000000
2.710000 0.000000
2.720000 0.000000
2.730000 0.000000
2.740000 0.000000
2.750000 0.000000
2.760000 0.000000
2.770000 0.000000
2.780000 0.000000
2.790000 0.000000
2.800000 0.000000
2.810000 0.000000
2.820000 0.000000
2.830000 0.000000
2.840000 0.000000
2.850000 0.000000
2.860000 0.000000
2.870000 0.000000
2.880000 0.000000
2.890000 0.000000
2.900000 0.000000
2.910000 0.000000
2.920000 0.000000
2.930000 0.000000
2.940000 0.000000
2.950000 0.000000
2.960000 0.000000
2.970000 0.000000
2.980000 0.000000
2.990000 0.000000
3.000000 0.000000
3.010000 0.000000
3.020000 0.000000
3.030000 0.000000
3.040000 0.000000
3.050000 0.000000
3.060000 0.000000
3.080000 0.000000
3.100000 0.000000
3.110000 0.000000
3.120000 0.000000
3.130000 0.000000
3.140000 0.000000
3.160000 0.000000
3.170000 0.000000
3.180000 0.000000
3.190000 0.000000
3.200000 0.000000
3.220000 0.000000
3.230000 0.000000
3.240000 0.000000
3.250000 0.000000
3.260000 0.000000
3.290000 0.000000
3.310000 0.000000
3.320000 0.000000
3.330000 0.000000
3.340000 0.000000
3.350000 0.000000
3.360000 0.000000
3.370000 0.000000
3.380000 0.000000
3.390000 0.000000
3.400000 0.000000
3.410000 0.000000
3.420000 0.000000
3.450000 0.000000
3.460000 0.000000
3.480000 0.000000
3.500000 0.000000
3.510000 0.000000
3.530000 0.000000
3.590000 0.000000
3.620000 0.000000
3.640000 0.000000
3.650000 0.000000
3.660000 0.000000
3.680000 0.000000
3.690000 0.000000
3.700000 0.000000
3.710000 0.000000
3.760000 0.000000
3.770000 0.000000
3.830000 0.000000
3.840000 0.000000
3.850000 0.000000
3.860000 0.000000
3.870000 0.000000
3.890000 0.000000
3.900000 0.000000
3.910000 0.000000
3.920000 0.000000
3.930000 0.000000
3.940000 0.000000
3.950000 0.000000
3.960000 0.000000
3.970000 0.000000
3.980000 0.000000
3.990000 0.000000
4.000000 0.000000
4.010000 0.000000
4.040000 0.000000
4.050000 0.000000
4.070000 0.000000
4.080000 0.000000
4.090000 0.000000
4.100000 0.000000
4.120000 0.000000
4.150000 0.000000
4.160000 0.000000
4.190000 0.000000
4.230000 0.000000
4.240000 0.000000
4.260000 0.000000
4.310000 0.000000
4.320000 0.000000
4.330000 0.000000
4.350000 0.000000
4.360000 0.000000
4.370000 0.000000
4.420000 0.000000
4.430000 0.000000
4.440000 0.000000
4.450000 0.000000
4.460000 0.000000
4.470000 0.000000
4.500000 0.000000
4.520000 0.000000
4.530000 0.000000
4.550000 0.000000
4.560000 0.000000
4.570000 0.000000
4.580000 0.000000
4.590000 0.000000
4.600000 0.000000
4.610000 0.000000
4.620000 0.000000
4.630000 0.000000
4.640000 0.000000
4.650000 0.000000
4.660000 0.000000
4.670000 0.000000
4.680000 0.000000
4.690000 0.000000
4.700000 0.000000
4.710000 0.000000
4.720000 0.000000
4.730000 0.000000
4.740000 0.000000
4.750000 0.000000
4.760000 0.000000
4.770000 0.000000
4.780000 0.000000
4.790000 0.000000
4.800000 0.000000
4.810000 0.000000
4.820000 0.000000
4.840000 0.000000
4.850000 0.000000
4.900000 0.000000
4.910000 0.000000
4.920000 0.000000
4.930000 0.000000
4.940000 0.000000
4.980000 0.000000
5.000000 0.000000
5.050000 0.000000
5.070000 0.000000
5.110000 0.000000
5.130000 0.000000
5.160000 0.000000
5.180000 0.000000
5.190000 0.000000
5.200000 0.000000
5.210000 0.000000
5.220000 0.000000
5.230000 0.000000
5.240000 0.000000
5.260000 0.000000
5.280000 0.000000
5.300000 0.000000
5.310000 0.000000
5.330000 0.000000
5.340000 0.000000
5.360000 0.000000
5.370000 0.000000
5.380000 0.000000
5.390000 0.000000
5.400000 0.000000
5.410000 0.000000
5.420000 0.000000
5.450000 0.000000
5.460000 0.000000
5.470000 0.000000
5.480000 0.000000
5.490000 0.000000
5.500000 0.000000
5.510000 0.000000
5.530000 0.000000
5.540000 0.000000
5.550000 0.000000
5.560000 0.000000
5.570000 0.000000
5.610000 0.000000
5.620000 0.000000
5.630000 0.000000
5.640000 0.000000
5.650000 0.000000
5.680000 0.000000
5.700000 0.000000
5.730000 0.000000
5.740000 0.000000
5.770000 0.000000
5.820000 0.000000
5.870000 0.000000
5.880000 0.000000
5.890000 0.000000
5.940000 0.000000
5.960000 0.000000
6.020000 0.000000
6.050000 0.000000
6.120000 0.000000
6.150000 0.000000
6.160000 0.000000
6.170000 0.000000
6.250000 0.000000
6.260000 0.000000
6.270000 0.000000
6.280000 0.000000
6.290000 0.000000
6.300000 0.000000
6.310000 0.000000
6.330000 0.000000
6.350000 0.000000
6.360000 0.000000
6.370000 0.000000
6.440000 0.000000
6.450000 0.000000
6.460000 0.000000
6.470000 0.000000
6.480000 0.000000
6.490000 0.000000
6.500000 0.000000
6.510000 0.000000
6.520000 0.000000
6.540000 0.000000
6.550000 0.000000
6.560000 0.000000
6.570000 0.000000
6.590000 0.000000
6.600000 0.000000
6.630000 0.000000
6.640000 0.000000
6.650000 0.000000
6.660000 0.000000
6.670000 0.000000
6.680000 0.000000
6.690000 0.000000
6.740000 0.000000
6.750000 0.000000
6.760000 0.000000
6.770000 0.000000
6.780000 0.000000
6.800000 0.000000
6.830000 0.000000
6.840000 0.000000
6.850000 0.000000
6.860000 0.000000
6.870000 0.000000
6.880000 0.000000
6.890000 0.000000
6.900000 0.000000
6.940000 0.000000
6.960000 0.000000
7.010000 0.000000
7.040000 0.000000
7.050000 0.000000
7.160000 0.000000
7.260000 0.000000
7.270000 0.000000
7.280000 0.000000
7.300000 0.000000
7.310000 0.000000
7.320000 0.000000
7.330000 0.000000
7.410000 0.000000
7.460000 0.000000
7.540000 0.000000
7.550000 0.000000
7.560000 0.000000
7.570000 0.000000
7.580000 0.000000
7.590000 0.000000
7.630000 0.000000
7.650000 0.000000
7.660000 0.000000
7.670000 0.000000
7.720000 0.000000
7.830000 0.000000
7.840000 0.000000
7.860000 0.000000
7.900000 0.000000
7.910000 0.000000
7.930000 0.000000
7.940000 0.000000
7.950000 0.000000
7.960000 0.000000
7.970000 0.000000
7.980000 0.000000
8.000000 0.000000
8.060000 0.000000
8.070000 0.000000
8.170000 0.000000
8.230000 0.000000
8.240000 0.000000
8.340000 0.000000
8.350000 0.000000
8.360000 0.000000
8.380000 0.000000
8.400000 0.000000
8.410000 0.000000
8.420000 0.000000
8.430000 0.000000
8.440000 0.000000
8.450000 0.000000
8.500000 0.000000
8.510000 0.000000
8.520000 0.000000
8.530000 0.000000
8.540000 0.000000
8.550000 0.000000
8.560000 0.000000
8.570000 0.000000
8.580000 0.000000
8.610000 0.000000
8.640000 0.000000
8.650000 0.000000
8.660000 0.000000
8.670000 0.000000
8.680000 0.000000
8.690000 0.000000
8.700000 0.000000
8.710000 0.000000
8.720000 0.000000
8.740000 0.000000
8.750000 0.000000
8.760000 0.000000
8.820000 0.000000
8.830000 0.000000
8.900000 0.000000
8.920000 0.000000
8.940000 0.000000
8.950000 0.000000
8.960000 0.000000
8.980000 0.000000
8.990000 0.000000
9.000000 0.000000
9.010000 0.000000
9.020000 0.000000
9.030000 0.000000
9.040000 0.000000
9.050000 0.000000
9.060000 0.000000
9.070000 0.000000
9.080000 0.000000
9.090000 0.000000
9.100000 0.000000
9.110000 0.000000
9.120000 0.000000
9.140000 0.000000
9.150000 0.000000
9.230000 0.000000
9.240000 0.000000
9.250000 0.000000
9.340000 0.000000
9.410000 0.000000
9.430000 0.000000
9.450000 0.000000
9.560000 0.000000
9.610000 0.000000
9.620000 0.000000
9.640000 0.000000
9.690000 0.000000
9.710000 0.000000
9.720000 0.000000
9.730000 0.000000
9.750000 0.000000
9.790000 0.000000
9.830000 0.000173
9.860000 0.000064
9.890000 0.000000
9.900000 0.000000
9.910000 0.000000
9.920000 0.000000
9.930000 0.000000
9.950000 0.000000
9.960000 0.000000
9.980000 0.000000
9.990000 0.000000

