0.001000 0.066659
0.002000 0.054145
0.003000 0.042978
0.004000 0.034311
0.005000 0.027218
0.006000 0.022829
0.007000 0.020954
0.008000 0.014142
0.009000 0.011314
0.010000 0.012109
0.011000 0.007447
0.012000 0.005318
0.013000 0.004882
0.014000 0.003381
0.015000 0.002854
0.016000 0.004041
0.017000 0.001797
0.018000 0.001254
0.019000 0.002399
0.020000 0.000810
0.021000 0.000681
0.022000 0.000582
0.023000 0.000309
0.024000 0.000727
0.025000 0.000241
0.026000 0.000122
0.027000 0.000109
0.028000 0.000075
0.029000 0.000070
0.030000 0.000061
0.031000 0.000029
0.032000 0.000026
0.033000 0.000016
0.034000 0.000016
0.035000 0.000013
0.036000 0.000006
0.037000 0.000005
0.038000 0.000002
0.039000 0.000002
0.040000 0.000002
0.041000 0.000003
0.042000 0.000001
0.043000 0.000002
0.044000 0.000055
0.045000 0.000000
0.047000 0.000000
0.050000 0.000000
0.455000 0.000001
0.456000 0.000001
0.457000 0.000000
0.458000 0.000000
0.459000 0.000001
0.460000 0.000001
0.461000 0.000001
0.462000 0.000002
0.463000 0.000002
0.464000 0.000005
0.465000 0.000006
0.466000 0.000011
0.467000 0.000016
0.468000 0.000025
0.469000 0.000025
0.470000 0.000055
0.471000 0.000075
0.472000 0.000088
0.473000 0.000116
0.474000 0.000183
0.475000 0.000317
0.476000 0.000294
0.477000 0.000664
0.478000 0.000578
0.479000 0.000750
0.480000 0.000917
0.481000 0.001124
0.482000 0.002053
0.483000 0.002040
0.484000 0.002216
0.485000 0.003169
0.486000 0.003316
0.487000 0.004031
0.488000 0.004653
0.489000 0.005573
0.490000 0.006155
0.491000 0.006912
0.492000 0.007930
0.493000 0.009141
0.494000 0.009511
0.495000 0.009940
0.496000 0.010971
0.497000 0.011302
0.498000 0.011629
0.499000 0.011925
0.500000 0.011896
0.501000 0.013175
0.502000 0.013777
0.503000 0.011855
0.504000 0.011232
0.505000 0.010728
0.506000 0.011265
0.507000 0.009489
0.508000 0.008491
0.509000 0.008090
0.510000 0.006905
0.511000 0.006146
0.512000 0.005506
0.513000 0.004501
0.514000 0.003825
0.515000 0.003662
0.516000 0.002701
0.517000 0.002292
0.518000 0.002156
0.519000 0.001814
0.520000 0.001195
0.521000 0.001092
0.522000 0.000979
0.523000 0.000669
0.524000 0.000433
0.525000 0.000314
0.526000 0.000273
0.527000 0.000190
0.528000 0.000128
0.529000 0.000096
0.530000 0.000056
0.531000 0.000035
0.532000 0.000033
0.533000 0.000098
0.534000 0.000015
0.535000 0.000008
0.536000 0.000008
0.537000 0.000021
0.538000 0.000003
0.539000 0.000003
0.540000 0.000003
0.541000 0.000001
0.542000 0.000016
0.543000 0.000012
0.545000 0.000000
0.546000 0.000000
0.953000 0.000000
0.954000 0.000000
0.955000 0.000002
0.956000 0.000001
0.958000 0.000001
0.959000 0.000001
0.960000 0.000001
0.961000 0.000001
0.962000 0.000003
0.963000 0.000004
0.964000 0.000012
0.965000 0.000012
0.966000 0.000010
0.967000 0.000023
0.968000 0.000021
0.969000 0.000019
0.970000 0.000029
0.971000 0.000078
0.972000 0.000072
0.973000 0.000107
0.974000 0.000116
0.975000 0.000182
0.976000 0.000539
0.977000 0.000307
0.978000 0.000443
0.979000 0.000472
0.980000 0.000924
0.981000 0.001615
0.982000 0.001003
0.983000 0.001719
0.984000 0.002067
0.985000 0.002690
0.986000 0.003137
0.987000 0.003988
0.988000 0.004729
0.989000 0.005764
0.990000 0.008324
0.991000 0.009692
0.992000 0.012843
0.993000 0.015640
0.994000 0.020084
0.995000 0.025529
0.996000 0.032056
0.997000 0.039263
0.998000 0.047586
0.999000 0.059226
1.000000 0.072758

0.001000 0.028877
0.002000 0.026524
0.003000 0.024623
0.004000 0.022646
0.005000 0.020769
0.006000 0.019120
0.007000 0.017481
0.008000 0.015940
0.009000 0.014819
0.010000 0.013360
0.011000 0.012427
0.012000 0.011264
0.013000 0.010334
0.014000 0.009519
0.015000 0.008649
0.016000 0.007900
0.017000 0.007216
0.018000 0.006502
0.019000 0.005973
0.020000 0.005390
0.021000 0.004840
0.022000 0.004495
0.023000 0.004044
0.024000 0.003645
0.025000 0.003287
0.026000 0.003020
0.027000 0.002760
0.028000 0.003777
0.029000 0.002229
0.030000 0.002030
0.031000 0.001778
0.032000 0.001641
0.033000 0.001515
0.034000 0.001381
0.035000 0.001250
0.036000 0.001100
0.037000 0.000948
0.038000 0.000892
0.039000 0.000761
0.040000 0.000712
0.041000 0.000659
0.042000 0.000557
0.043000 0.000523
0.044000 0.000475
0.045000 0.000426
0.046000 0.000398
0.047000 0.000329
0.048000 0.000296
0.049000 0.000261
0.050000 0.000234
0.051000 0.000204
0.052000 0.000178
0.053000 0.000162
0.054000 0.000145
0.055000 0.000165
0.056000 0.000117
0.057000 0.000116
0.058000 0.000093
0.059000 0.000086
0.060000 0.000068
0.061000 0.000050
0.062000 0.000050
0.063000 0.000052
0.064000 0.000039
0.065000 0.000037
0.066000 0.000030
0.067000 0.000027
0.068000 0.000026
0.069000 0.000058
0.070000 0.000020
0.071000 0.000019
0.072000 0.000016
0.073000 0.000011
0.074000 0.000014
0.075000 0.000009
0.076000 0.000009
0.077000 0.000007
0.078000 0.000007
0.079000 0.000006
0.080000 0.000004
0.081000 0.000006
0.082000 0.000004
0.083000 0.000003
0.084000 0.000003
0.085000 0.000003
0.086000 0.000003
0.087000 0.000002
0.088000 0.000002
0.089000 0.000001
0.090000 0.000001
0.091000 0.000000
0.092000 0.000001
0.093000 0.000003
0.094000 0.000001
0.095000 0.000001
0.096000 0.000001
0.097000 0.000000
0.098000 0.000001
0.099000 0.000000
0.100000 0.000000
0.102000 0.000000
0.105000 0.000000
0.400000 0.000000
0.405000 0.000000
0.409000 0.000000
0.412000 0.000000
0.413000 0.000000
0.416000 0.000000
0.418000 0.000000
0.420000 0.000000
0.421000 0.000001
0.422000 0.000002
0.423000 0.000000
0.424000 0.000001
0.425000 0.000000
0.426000 0.000000
0.427000 0.000001
0.428000 0.000002
0.429000 0.000001
0.430000 0.000003
0.431000 0.000004
0.432000 0.000004
0.433000 0.000006
0.434000 0.000005
0.435000 0.000006
0.436000 0.000011
0.437000 0.000008
0.438000 0.000010
0.439000 0.000012
0.440000 0.000019
0.441000 0.000021
0.442000 0.000023
0.443000 0.000021
0.444000 0.000025
0.445000 0.000029
0.446000 0.000037
0.447000 0.000053
0.448000 0.000051
0.449000 0.000060
0.450000 0.000085
0.451000 0.000088
0.452000 0.000102
0.453000 0.000129
0.454000 0.000156
0.455000 0.000169
0.456000 0.000212
0.457000 0.000241
0.458000 0.000269
0.459000 0.000314
0.460000 0.000372
0.461000 0.000419
0.462000 0.000468
0.463000 0.000535
0.464000 0.000623
0.465000 0.000687
0.466000 0.000795
0.467000 0.000876
0.468000 0.000951
0.469000 0.001033
0.470000 0.001384
0.471000 0.001372
0.472000 0.001486
0.473000 0.001693
0.474000 0.001815
0.475000 0.002032
0.476000 0.002220
0.477000 0.002439
0.478000 0.002577
0.479000 0.002838
0.480000 0.003047
0.481000 0.003338
0.482000 0.003621
0.483000 0.003744
0.484000 0.004035
0.485000 0.004241
0.486000 0.004497
0.487000 0.004704
0.488000 0.004943
0.489000 0.005237
0.490000 0.005451
0.491000 0.005750
0.492000 0.005856
0.493000 0.005951
0.494000 0.006121
0.495000 0.006284
0.496000 0.006418
0.497000 0.006554
0.498000 0.006645
0.499000 0.006580
0.500000 0.006698
0.501000 0.006657
0.502000 0.006583
0.503000 0.006713
0.504000 0.006508
0.505000 0.006431
0.506000 0.006288
0.507000 0.006169
0.508000 0.006023
0.509000 0.005741
0.510000 0.005716
0.511000 0.005455
0.512000 0.005233
0.513000 0.005052
0.514000 0.004738
0.515000 0.004627
0.516000 0.004345
0.517000 0.004008
0.518000 0.003800
0.519000 0.003471
0.520000 0.003344
0.521000 0.003145
0.522000 0.002786
0.523000 0.002618
0.524000 0.002422
0.525000 0.002202
0.526000 0.002006
0.527000 0.001817
0.528000 0.001692
0.529000 0.001518
0.530000 0.001382
0.531000 0.001175
0.532000 0.001106
0.533000 0.000983
0.534000 0.000817
0.535000 0.000775
0.536000 0.000682
0.537000 0.000580
0.538000 0.000528
0.539000 0.000468
0.540000 0.000416
0.541000 0.000377
0.542000 0.000289
0.543000 0.000262
0.544000 0.000245
0.545000 0.000201
0.546000 0.000160
0.547000 0.000149
0.548000 0.000123
0.549000 0.000114
0.550000 0.000089
0.551000 0.000087
0.552000 0.000060
0.553000 0.000064
0.554000 0.000056
0.555000 0.000037
0.556000 0.000031
0.557000 0.000023
0.558000 0.000024
0.559000 0.000020
0.560000 0.000020
0.561000 0.000012
0.562000 0.000012
0.563000 0.000007
0.564000 0.000009
0.565000 0.000008
0.566000 0.000004
0.567000 0.000003
0.568000 0.000002
0.569000 0.000003
0.570000 0.000002
0.571000 0.000002
0.572000 0.000002
0.573000 0.000001
0.574000 0.000001
0.575000 0.000001
0.576000 0.000001
0.578000 0.000000
0.579000 0.000001
0.580000 0.000000
0.581000 0.000001
0.582000 0.000001
0.583000 0.000001
0.587000 0.000000
0.593000 0.000000
0.901000 0.000000
0.902000 0.000001
0.903000 0.000000
0.905000 0.000000
0.906000 0.000000
0.907000 0.000000
0.908000 0.000000
0.909000 0.000001
0.910000 0.000001
0.911000 0.000002
0.912000 0.000001
0.913000 0.000002
0.914000 0.000001
0.915000 0.000003
0.916000 0.000002
0.917000 0.000004
0.918000 0.000002
0.919000 0.000002
0.920000 0.000008
0.921000 0.000006
0.922000 0.000007
0.923000 0.000010
0.924000 0.000009
0.925000 0.000006
0.926000 0.000005
0.927000 0.000078
0.928000 0.000015
0.929000 0.000017
0.930000 0.000014
0.931000 0.000192
0.932000 0.000022
0.933000 0.000028
0.934000 0.000026
0.935000 0.000031
0.936000 0.000037
0.937000 0.000042
0.938000 0.000049
0.939000 0.000046
0.940000 0.000073
0.941000 0.000076
0.942000 0.000073
0.943000 0.000089
0.944000 0.000106
0.945000 0.000117
0.946000 0.000136
0.947000 0.000137
0.948000 0.000171
0.949000 0.000191
0.950000 0.000230
0.951000 0.000245
0.952000 0.000254
0.953000 0.000292
0.954000 0.000325
0.955000 0.000395
0.956000 0.000429
0.957000 0.000482
0.958000 0.000721
0.959000 0.000618
0.960000 0.000682
0.961000 0.000772
0.962000 0.000873
0.963000 0.000980
0.964000 0.001034
0.965000 0.001193
0.966000 0.001330
0.967000 0.001475
0.968000 0.001630
0.969000 0.001883
0.970000 0.002002
0.971000 0.002265
0.972000 0.002465
0.973000 0.002660
0.974000 0.003034
0.975000 0.003368
0.976000 0.003776
0.977000 0.004215
0.978000 0.004561
0.979000 0.005011
0.980000 0.005454
0.981000 0.006051
0.982000 0.006536
0.983000 0.007258
0.984000 0.007903
0.985000 0.008699
0.986000 0.009587
0.987000 0.010644
0.988000 0.011737
0.989000 0.012547
0.990000 0.013978
0.991000 0.015016
0.992000 0.016571
0.993000 0.018214
0.994000 0.019798
0.995000 0.021486
0.996000 0.023476
0.997000 0.025503
0.998000 0.027443
0.999000 0.030145
1.000000 0.032409

0.001000 0.009404
0.002000 0.009171
0.003000 0.009193
0.004000 0.008805
0.005000 0.008490
0.006000 0.008290
0.007000 0.008188
0.008000 0.007932
0.009000 0.007718
0.010000 0.007594
0.011000 0.007404
0.012000 0.007180
0.013000 0.006924
0.014000 0.006693
0.015000 0.006466
0.016000 0.006376
0.017000 0.006157
0.018000 0.006040
0.019000 0.005827
0.020000 0.005758
0.021000 0.005632
0.022000 0.005487
0.023000 0.005247
0.024000 0.005134
0.025000 0.005423
0.026000 0.004850
0.027000 0.004704
0.028000 0.004598
0.029000 0.004504
0.030000 0.004392
0.031000 0.004185
0.032000 0.004032
0.033000 0.004068
0.034000 0.003877
0.035000 0.003837
0.036000 0.003707
0.037000 0.003575
0.038000 0.003482
0.039000 0.003431
0.040000 0.003329
0.041000 0.003233
0.042000 0.003113
0.043000 0.003023
0.044000 0.002982
0.045000 0.002915
0.046000 0.002775
0.047000 0.002688
0.048000 0.002849
0.049000 0.002538
0.050000 0.002476
0.051000 0.002417
0.052000 0.002371
0.053000 0.002299
0.054000 0.002160
0.055000 0.002131
0.056000 0.002104
0.057000 0.001963
0.058000 0.001994
0.059000 0.001881
0.060000 0.001912
0.061000 0.001827
0.062000 0.001807
0.063000 0.001711
0.064000 0.001642
0.065000 0.001612
0.066000 0.001571
0.067000 0.001554
0.068000 0.001464
0.069000 0.001410
0.070000 0.001371
0.071000 0.001354
0.072000 0.001318
0.073000 0.001289
0.074000 0.001811
0.075000 0.001233
0.076000 0.001143
0.077000 0.001128
0.078000 0.001096
0.079000 0.001047
0.080000 0.001040
0.081000 0.001023
0.082000 0.000982
0.083000 0.000956
0.084000 0.000913
0.085000 0.001009
0.086000 0.000874
0.087000 0.000821
0.088000 0.000813
0.089000 0.000806
0.090000 0.000818
0.091000 0.000769
0.092000 0.000716
0.093000 0.000695
0.094000 0.000675
0.095000 0.000644
0.096000 0.000635
0.097000 0.000613
0.098000 0.000612
0.099000 0.000588
0.100000 0.000566
0.101000 0.000553
0.102000 0.000536
0.103000 0.000508
0.104000 0.000502
0.105000 0.000492
0.106000 0.000490
0.107000 0.000462
0.108000 0.000442
0.109000 0.000429
0.110000 0.000574
0.111000 0.000401
0.112000 0.000385
0.113000 0.000381
0.114000 0.000369
0.115000 0.000367
0.116000 0.000356
0.117000 0.000338
0.118000 0.000334
0.119000 0.000314
0.120000 0.000301
0.121000 0.000285
0.122000 0.000284
0.123000 0.000280
0.124000 0.000254
0.125000 0.000247
0.126000 0.000258
0.127000 0.000235
0.128000 0.000233
0.129000 0.000210
0.130000 0.000205
0.131000 0.000205
0.132000 0.000197
0.133000 0.000180
0.134000 0.000176
0.135000 0.000191
0.136000 0.000169
0.137000 0.000148
0.138000 0.000151
0.139000 0.000157
0.140000 0.000158
0.141000 0.000142
0.142000 0.000140
0.143000 0.000137
0.144000 0.000117
0.145000 0.000126
0.146000 0.000122
0.147000 0.000113
0.148000 0.000104
0.149000 0.000102
0.150000 0.000101
0.151000 0.000098
0.152000 0.000092
0.153000 0.000119
0.154000 0.000097
0.155000 0.000088
0.156000 0.000084
0.157000 0.000069
0.158000 0.000077
0.159000 0.000076
0.160000 0.000065
0.161000 0.000067
0.162000 0.000067
0.163000 0.000058
0.164000 0.000054
0.165000 0.000056
0.166000 0.000056
0.167000 0.000055
0.168000 0.000046
0.169000 0.000046
0.170000 0.000052
0.171000 0.000206
0.172000 0.000043
0.173000 0.000036
0.174000 0.000040
0.175000 0.000038
0.176000 0.000038
0.177000 0.000043
0.178000 0.000033
0.179000 0.000033
0.180000 0.000025
0.181000 0.000029
0.182000 0.000028
0.183000 0.000026
0.184000 0.000024
0.185000 0.000020
0.186000 0.000020
0.187000 0.000019
0.188000 0.000021
0.189000 0.000015
0.190000 0.000014
0.191000 0.000014
0.192000 0.000018
0.193000 0.000011
0.194000 0.000013
0.195000 0.000011
0.196000 0.000011
0.197000 0.000009
0.198000 0.000011
0.199000 0.000013
0.200000 0.000009
0.201000 0.000008
0.202000 0.000008
0.203000 0.000008
0.204000 0.000008
0.205000 0.000007
0.206000 0.000006
0.207000 0.000008
0.208000 0.000009
0.209000 0.000004
0.210000 0.000005
0.211000 0.000005
0.212000 0.000004
0.213000 0.000005
0.214000 0.000008
0.215000 0.000003
0.216000 0.000006
0.217000 0.000005
0.218000 0.000003
0.219000 0.000004
0.220000 0.000003
0.221000 0.000005
0.222000 0.000004
0.223000 0.000003
0.224000 0.000004
0.225000 0.000006
0.226000 0.000003
0.227000 0.000007
0.228000 0.000002
0.229000 0.000002
0.230000 0.000004
0.231000 0.000002
0.232000 0.000005
0.233000 0.000004
0.234000 0.000002
0.235000 0.000002
0.236000 0.000001
0.237000 0.000003
0.238000 0.000002
0.239000 0.000003
0.240000 0.000002
0.241000 0.000003
0.242000 0.000002
0.243000 0.000001
0.244000 0.000001
0.245000 0.000001
0.246000 0.000002
0.247000 0.000002
0.248000 0.000001
0.249000 0.000000
0.250000 0.000001
0.251000 0.000003
0.252000 0.000001
0.253000 0.000001
0.254000 0.000002
0.255000 0.000002
0.256000 0.000000
0.257000 0.000001
0.258000 0.000001
0.259000 0.000000
0.260000 0.000000
0.261000 0.000001
0.262000 0.000001
0.263000 0.000000
0.264000 0.000000
0.265000 0.000001
0.266000 0.000001
0.269000 0.000001
0.270000 0.000000
0.271000 0.000000
0.272000 0.000000
0.273000 0.000000
0.274000 0.000000
0.275000 0.000000
0.276000 0.000000
0.278000 0.000000
0.279000 0.000000
0.280000 0.000000
0.283000 0.000000
0.286000 0.000000
0.288000 0.000000
0.290000 0.000000
0.294000 0.000000
0.295000 0.000000
0.296000 0.000000
0.297000 0.000000
0.298000 0.000000
0.300000 0.000001
0.301000 0.000000
0.302000 0.000001
0.303000 0.000000
0.304000 0.000001
0.305000 0.000001
0.306000 0.000000
0.307000 0.000001
0.308000 0.000000
0.309000 0.000000
0.310000 0.000002
0.311000 0.000001
0.312000 0.000001
0.313000 0.000002
0.314000 0.000001
0.315000 0.000001
0.316000 0.000002
0.317000 0.000001
0.318000 0.000002
0.319000 0.000003
0.320000 0.000014
0.321000 0.000003
0.322000 0.000003
0.323000 0.000002
0.324000 0.000003
0.325000 0.000003
0.326000 0.000005
0.327000 0.000004
0.328000 0.000004
0.329000 0.000005
0.330000 0.000006
0.331000 0.000005
0.332000 0.000005
0.333000 0.000008
0.334000 0.000006
0.335000 0.000007
0.336000 0.000009
0.337000 0.000008
0.338000 0.000010
0.339000 0.000011
0.340000 0.000012
0.341000 0.000008
0.342000 0.000011
0.343000 0.000011
0.344000 0.000009
0.345000 0.000012
0.346000 0.000014
0.347000 0.000012
0.348000 0.000019
0.349000 0.000015
0.350000 0.000011
0.351000 0.000016
0.352000 0.000022
0.353000 0.000017
0.354000 0.000017
0.355000 0.000020
0.356000 0.000019
0.357000 0.000023
0.358000 0.000028
0.359000 0.000028
0.360000 0.000028
0.361000 0.000028
0.362000 0.000030
0.363000 0.000032
0.364000 0.000033
0.365000 0.000030
0.366000 0.000044
0.367000 0.000049
0.368000 0.000043
0.369000 0.000045
0.370000 0.000045
0.371000 0.000053
0.372000 0.000053
0.373000 0.000057
0.374000 0.000060
0.375000 0.000068
0.376000 0.000076
0.377000 0.000063
0.378000 0.000079
0.379000 0.000083
0.380000 0.000095
0.381000 0.000101
0.382000 0.000095
0.383000 0.000107
0.384000 0.000108
0.385000 0.000127
0.386000 0.000133
0.387000 0.000125
0.388000 0.000125
0.389000 0.000148
0.390000 0.000157
0.391000 0.000148
0.392000 0.000160
0.393000 0.000183
0.394000 0.000176
0.395000 0.000182
0.396000 0.000185
0.397000 0.000200
0.398000 0.000209
0.399000 0.000231
0.400000 0.000243
0.401000 0.000220
0.402000 0.000241
0.403000 0.000255
0.404000 0.000278
0.405000 0.000292
0.406000 0.000290
0.407000 0.000318
0.408000 0.000306
0.409000 0.000319
0.410000 0.000357
0.411000 0.000388
0.412000 0.000372
0.413000 0.000402
0.414000 0.000417
0.415000 0.000439
0.416000 0.000470
0.417000 0.000482
0.418000 0.000498
0.419000 0.000522
0.420000 0.000521
0.421000 0.000558
0.422000 0.000553
0.423000 0.000582
0.424000 0.000620
0.425000 0.000617
0.426000 0.000656
0.427000 0.000689
0.428000 0.000741
0.429000 0.000736
0.430000 0.000780
0.431000 0.000814
0.432000 0.000799
0.433000 0.000848
0.434000 0.000877
0.435000 0.000898
0.436000 0.000936
0.437000 0.000968
0.438000 0.000979
0.439000 0.001036
0.440000 0.001064
0.441000 0.001136
0.442000 0.001128
0.443000 0.001211
0.444000 0.001198
0.445000 0.001209
0.446000 0.001321
0.447000 0.001302
0.448000 0.001327
0.449000 0.001402
0.450000 0.001438
0.451000 0.001472
0.452000 0.001523
0.453000 0.001531
0.454000 0.001609
0.455000 0.001655
0.456000 0.001646
0.457000 0.001715
0.458000 0.001744
0.459000 0.001732
0.460000 0.001811
0.461000 0.001856
0.462000 0.001980
0.463000 0.001919
0.464000 0.001930
0.465000 0.002003
0.466000 0.002045
0.467000 0.002146
0.468000 0.002123
0.469000 0.002194
0.470000 0.002216
0.471000 0.002266
0.472000 0.002278
0.473000 0.002316
0.474000 0.002371
0.475000 0.002403
0.476000 0.002425
0.477000 0.002495
0.478000 0.002476
0.479000 0.002544
0.480000 0.002562
0.481000 0.002580
0.482000 0.002639
0.483000 0.002630
0.484000 0.002690
0.485000 0.002704
0.486000 0.002782
0.487000 0.002729
0.488000 0.002770
0.489000 0.002760
0.490000 0.002800
0.491000 0.002822
0.492000 0.002858
0.493000 0.002749
0.494000 0.002844
0.495000 0.002834
0.496000 0.002897
0.497000 0.002869
0.498000 0.002872
0.499000 0.002895
0.500000 0.002859
0.501000 0.002884
0.502000 0.002885
0.503000 0.002864
0.504000 0.002845
0.505000 0.002869
0.506000 0.002834
0.507000 0.002854
0.508000 0.002815
0.509000 0.002848
0.510000 0.002843
0.511000 0.002734
0.512000 0.002731
0.513000 0.002679
0.514000 0.002696
0.515000 0.002667
0.516000 0.002622
0.517000 0.002684
0.518000 0.002613
0.519000 0.002559
0.520000 0.002575
0.521000 0.002511
0.522000 0.002466
0.523000 0.002473
0.524000 0.002420
0.525000 0.002410
0.526000 0.002369
0.527000 0.002339
0.528000 0.002330
0.529000 0.002267
0.530000 0.002207
0.531000 0.002180
0.532000 0.002200
0.533000 0.002147
0.534000 0.002077
0.535000 0.002044
0.536000 0.002009
0.537000 0.001922
0.538000 0.001893
0.539000 0.001861
0.540000 0.001822
0.541000 0.001760
0.542000 0.001723
0.543000 0.001669
0.544000 0.001682
0.545000 0.001636
0.546000 0.001598
0.547000 0.001524
0.548000 0.001491
0.549000 0.001444
0.550000 0.001404
0.551000 0.001373
0.552000 0.001338
0.553000 0.001324
0.554000 0.001311
0.555000 0.001261
0.556000 0.001219
0.557000 0.001146
0.558000 0.001123
0.559000 0.001066
0.560000 0.001063
0.561000 0.001010
0.562000 0.000986
0.563000 0.000942
0.564000 0.000947
0.565000 0.000911
0.566000 0.000874
0.567000 0.000836
0.568000 0.000828
0.569000 0.000774
0.570000 0.000761
0.571000 0.000757
0.572000 0.000694
0.573000 0.000697
0.574000 0.000691
0.575000 0.000647
0.576000 0.000627
0.577000 0.000601
0.578000 0.000564
0.579000 0.000565
0.580000 0.000542
0.581000 0.000514
0.582000 0.000494
0.583000 0.000470
0.584000 0.000462
0.585000 0.000463
0.586000 0.000423
0.587000 0.000420
0.588000 0.000405
0.589000 0.000386
0.590000 0.000375
0.591000 0.000353
0.592000 0.000327
0.593000 0.000328
0.594000 0.000315
0.595000 0.000292
0.596000 0.000299
0.597000 0.000282
0.598000 0.000266
0.599000 0.000245
0.600000 0.000238
0.601000 0.000233
0.602000 0.000228
0.603000 0.000208
0.604000 0.000188
0.605000 0.000184
0.606000 0.000171
0.607000 0.000165
0.608000 0.000159
0.609000 0.000165
0.610000 0.000159
0.611000 0.000140
0.612000 0.000156
0.613000 0.000130
0.614000 0.000114
0.615000 0.000121
0.616000 0.000116
0.617000 0.000107
0.618000 0.000100
0.619000 0.000093
0.620000 0.000090
0.621000 0.000088
0.622000 0.000078
0.623000 0.000078
0.624000 0.000068
0.625000 0.000075
0.626000 0.000057
0.627000 0.000064
0.628000 0.000054
0.629000 0.000058
0.630000 0.000056
0.631000 0.000050
0.632000 0.000045
0.633000 0.000039
0.634000 0.000041
0.635000 0.000040
0.636000 0.000039
0.637000 0.000032
0.638000 0.000030
0.639000 0.000035
0.640000 0.000034
0.641000 0.000026
0.642000 0.000028
0.643000 0.000023
0.644000 0.000026
0.645000 0.000023
0.646000 0.000020
0.647000 0.000016
0.648000 0.000020
0.649000 0.000016
0.650000 0.000016
0.651000 0.000012
0.652000 0.000017
0.653000 0.000011
0.654000 0.000012
0.655000 0.000013
0.656000 0.000010
0.657000 0.000011
0.658000 0.000011
0.659000 0.000011
0.660000 0.000005
0.661000 0.000007
0.662000 0.000006
0.663000 0.000008
0.664000 0.000006
0.665000 0.000004
0.666000 0.000007
0.667000 0.000006
0.668000 0.000004
0.669000 0.000005
0.670000 0.000003
0.671000 0.000004
0.672000 0.000004
0.673000 0.000004
0.674000 0.000004
0.675000 0.000002
0.676000 0.000003
0.677000 0.000003
0.678000 0.000002
0.679000 0.000001
0.680000 0.000003
0.681000 0.000002
0.682000 0.000002
0.683000 0.000002
0.684000 0.000001
0.685000 0.000001
0.686000 0.000001
0.687000 0.000001
0.688000 0.000002
0.689000 0.000000
0.690000 0.000002
0.691000 0.000002
0.692000 0.000002
0.693000 0.000001
0.694000 0.000000
0.695000 0.000001
0.696000 0.000000
0.697000 0.000001
0.698000 0.000000
0.699000 0.000000
0.700000 0.000002
0.701000 0.000000
0.702000 0.000000
0.703000 0.000000
0.704000 0.000000
0.705000 0.000000
0.706000 0.000000
0.707000 0.000000
0.708000 0.000000
0.709000 0.000001
0.710000 0.000001
0.712000 0.000001
0.713000 0.000001
0.714000 0.000000
0.715000 0.000000
0.717000 0.000000
0.718000 0.000000
0.719000 0.000000
0.720000 0.000000
0.722000 0.000000
0.723000 0.000000
0.724000 0.000000
0.725000 0.000001
0.726000 0.000000
0.727000 0.000001
0.729000 0.000000
0.730000 0.000000
0.731000 0.000000
0.733000 0.000000
0.734000 0.000001
0.735000 0.000000
0.736000 0.000000
0.737000 0.000000
0.738000 0.000000
0.739000 0.000001
0.740000 0.000000
0.741000 0.000000
0.742000 0.000001
0.743000 0.000000
0.744000 0.000001
0.745000 0.000000
0.746000 0.000000
0.747000 0.000000
0.748000 0.000001
0.749000 0.000001
0.750000 0.000000
0.751000 0.000001
0.752000 0.000001
0.753000 0.000001
0.754000 0.000001
0.755000 0.000001
0.756000 0.000001
0.757000 0.000001
0.758000 0.000001
0.759000 0.000001
0.760000 0.000002
0.761000 0.000001
0.762000 0.000003
0.763000 0.000002
0.764000 0.000010
0.765000 0.000003
0.766000 0.000001
0.767000 0.000002
0.768000 0.000004
0.769000 0.000003
0.770000 0.000003
0.771000 0.000002
0.772000 0.000005
0.773000 0.000003
0.774000 0.000005
0.775000 0.000002
0.776000 0.000004
0.777000 0.000003
0.778000 0.000004
0.779000 0.000004
0.780000 0.000005
0.781000 0.000006
0.782000 0.000007
0.783000 0.000004
0.784000 0.000006
0.785000 0.000004
0.786000 0.000005
0.787000 0.000005
0.788000 0.000006
0.789000 0.000005
0.790000 0.000006
0.791000 0.000006
0.792000 0.000007
0.793000 0.000006
0.794000 0.000007
0.795000 0.000010
0.796000 0.000008
0.797000 0.000008
0.798000 0.000008
0.799000 0.000009
0.800000 0.000010
0.801000 0.000010
0.802000 0.000009
0.803000 0.000008
0.804000 0.000014
0.805000 0.000011
0.806000 0.000013
0.807000 0.000011
0.808000 0.000014
0.809000 0.000013
0.810000 0.000016
0.811000 0.000025
0.812000 0.000016
0.813000 0.000021
0.814000 0.000018
0.815000 0.000019
0.816000 0.000020
0.817000 0.000024
0.818000 0.000023
0.819000 0.000024
0.820000 0.000021
0.821000 0.000027
0.822000 0.000026
0.823000 0.000035
0.824000 0.000027
0.825000 0.000043
0.826000 0.000033
0.827000 0.000032
0.828000 0.000029
0.829000 0.000038
0.830000 0.000035
0.831000 0.000046
0.832000 0.000035
0.833000 0.000038
0.834000 0.000039
0.835000 0.000045
0.836000 0.000053
0.837000 0.000053
0.838000 0.000050
0.839000 0.000054
0.840000 0.000055
0.841000 0.000179
0.842000 0.000062
0.843000 0.000069
0.844000 0.000061
0.845000 0.000063
0.846000 0.000071
0.847000 0.000112
0.848000 0.000081
0.849000 0.000084
0.850000 0.000092
0.851000 0.000104
0.852000 0.000081
0.853000 0.000090
0.854000 0.000094
0.855000 0.000102
0.856000 0.000107
0.857000 0.000103
0.858000 0.000114
0.859000 0.000118
0.860000 0.000121
0.861000 0.000130
0.862000 0.000133
0.863000 0.000137
0.864000 0.000149
0.865000 0.000151
0.866000 0.000148
0.867000 0.000164
0.868000 0.000170
0.869000 0.000166
0.870000 0.000181
0.871000 0.000187
0.872000 0.000202
0.873000 0.000205
0.874000 0.000212
0.875000 0.000199
0.876000 0.000224
0.877000 0.000226
0.878000 0.000231
0.879000 0.000252
0.880000 0.000259
0.881000 0.000270
0.882000 0.000269
0.883000 0.000304
0.884000 0.000299
0.885000 0.000313
0.886000 0.000309
0.887000 0.000310
0.888000 0.000342
0.889000 0.000349
0.890000 0.000365
0.891000 0.000378
0.892000 0.000386
0.893000 0.000401
0.894000 0.000434
0.895000 0.000452
0.896000 0.000441
0.897000 0.000465
0.898000 0.000464
0.899000 0.000488
0.900000 0.000553
0.901000 0.000509
0.902000 0.000533
0.903000 0.000562
0.904000 0.000584
0.905000 0.000602
0.906000 0.000629
0.907000 0.000653
0.908000 0.000676
0.909000 0.000681
0.910000 0.000712
0.911000 0.000723
0.912000 0.000728
0.913000 0.000816
0.914000 0.000813
0.915000 0.000824
0.916000 0.000871
0.917000 0.000894
0.918000 0.000956
0.919000 0.000920
0.920000 0.000977
0.921000 0.001016
0.922000 0.001079
0.923000 0.001093
0.924000 0.001105
0.925000 0.001136
0.926000 0.001162
0.927000 0.001245
0.928000 0.001276
0.929000 0.001372
0.930000 0.001334
0.931000 0.001437
0.932000 0.001410
0.933000 0.001458
0.934000 0.001509
0.935000 0.001540
0.936000 0.001591
0.937000 0.001639
0.938000 0.001688
0.939000 0.001731
0.940000 0.001795
0.941000 0.001865
0.942000 0.001891
0.943000 0.001976
0.944000 0.002001
0.945000 0.002097
0.946000 0.002143
0.947000 0.002224
0.948000 0.002331
0.949000 0.002313
0.950000 0.002380
0.951000 0.002412
0.952000 0.002539
0.953000 0.002579
0.954000 0.002668
0.955000 0.002752
0.956000 0.002850
0.957000 0.002906
0.958000 0.003015
0.959000 0.003077
0.960000 0.003158
0.961000 0.003488
0.962000 0.003311
0.963000 0.003382
0.964000 0.003594
0.965000 0.003721
0.966000 0.003766
0.967000 0.003842
0.968000 0.003959
0.969000 0.004027
0.970000 0.004154
0.971000 0.004431
0.972000 0.004382
0.973000 0.005550
0.974000 0.004580
0.975000 0.004812
0.976000 0.004883
0.977000 0.005032
0.978000 0.005160
0.979000 0.005339
0.980000 0.007551
0.981000 0.005582
0.982000 0.005763
0.983000 0.005889
0.984000 0.006069
0.985000 0.006193
0.986000 0.006478
0.987000 0.006585
0.988000 0.006746
0.989000 0.006996
0.990000 0.007102
0.991000 0.007370
0.992000 0.007504
0.993000 0.007668
0.994000 0.008024
0.995000 0.008213
0.996000 0.008430
0.997000 0.008492
0.998000 0.008827
0.999000 0.009050
1.000000 0.009254

0.001000 0.004598
0.002000 0.004533
0.003000 0.004468
0.004000 0.004463
0.005000 0.004370
0.006000 0.004316
0.007000 0.004254
0.008000 0.004271
0.009000 0.004161
0.010000 0.004066
0.011000 0.004049
0.012000 0.003913
0.013000 0.003859
0.014000 0.003829
0.015000 0.003785
0.016000 0.003690
0.017000 0.003631
0.018000 0.003675
0.019000 0.003544
0.020000 0.003586
0.021000 0.003463
0.022000 0.003476
0.023000 0.003359
0.024000 0.003313
0.025000 0.003238
0.026000 0.003204
0.027000 0.003178
0.028000 0.003123
0.029000 0.003074
0.030000 0.003010
0.031000 0.002969
0.032000 0.003011
0.033000 0.002932
0.034000 0.002883
0.035000 0.002817
0.036000 0.002800
0.037000 0.002768
0.038000 0.002728
0.039000 0.002704
0.040000 0.002631
0.041000 0.002603
0.042000 0.002613
0.043000 0.002586
0.044000 0.002485
0.045000 0.002495
0.046000 0.002449
0.047000 0.002411
0.048000 0.002389
0.049000 0.002358
0.050000 0.002334
0.051000 0.002294
0.052000 0.002308
0.053000 0.002203
0.054000 0.002182
0.055000 0.002175
0.056000 0.002160
0.057000 0.002118
0.058000 0.002080
0.059000 0.002047
0.060000 0.002040
0.061000 0.002036
0.062000 0.001998
0.063000 0.001983
0.064000 0.001918
0.065000 0.001951
0.066000 0.001850
0.067000 0.001853
0.068000 0.001826
0.069000 0.001802
0.070000 0.001746
0.071000 0.001761
0.072000 0.001715
0.073000 0.001736
0.074000 0.001739
0.075000 0.001678
0.076000 0.001626
0.077000 0.001629
0.078000 0.001577
0.079000 0.001581
0.080000 0.001558
0.081000 0.001536
0.082000 0.001528
0.083000 0.001501
0.084000 0.001480
0.085000 0.001457
0.086000 0.001481
0.087000 0.001428
0.088000 0.001379
0.089000 0.001403
0.090000 0.001382
0.091000 0.001334
0.092000 0.001350
0.093000 0.001299
0.094000 0.001297
0.095000 0.001268
0.096000 0.001273
0.097000 0.001232
0.098000 0.001220
0.099000 0.001224
0.100000 0.001195
0.101000 0.001200
0.102000 0.001148
0.103000 0.001118
0.104000 0.001136
0.105000 0.001115
0.106000 0.001102
0.107000 0.001086
0.108000 0.001067
0.109000 0.001041
0.110000 0.001049
0.111000 0.001019
0.112000 0.001013
0.113000 0.000999
0.114000 0.000983
0.115000 0.000976
0.116000 0.000939
0.117000 0.000943
0.118000 0.000931
0.119000 0.000895
0.120000 0.000931
0.121000 0.000869
0.122000 0.000880
0.123000 0.000831
0.124000 0.000866
0.125000 0.000833
0.126000 0.000841
0.127000 0.000838
0.128000 0.000814
0.129000 0.000797
0.130000 0.000775
0.131000 0.000769
0.132000 0.000775
0.133000 0.000733
0.134000 0.000750
0.135000 0.000744
0.136000 0.000712
0.137000 0.000716
0.138000 0.000713
0.139000 0.000705
0.140000 0.000702
0.141000 0.000683
0.142000 0.000657
0.143000 0.000680
0.144000 0.000644
0.145000 0.000649
0.146000 0.000641
0.147000 0.000634
0.148000 0.000630
0.149000 0.000650
0.150000 0.000613
0.151000 0.000593
0.152000 0.000600
0.153000 0.000570
0.154000 0.000573
0.155000 0.000562
0.156000 0.000594
0.157000 0.000550
0.158000 0.000548
0.159000 0.000554
0.160000 0.000536
0.161000 0.000537
0.162000 0.000534
0.163000 0.000512
0.164000 0.000476
0.165000 0.000499
0.166000 0.000472
0.167000 0.000477
0.168000 0.000480
0.169000 0.000473
0.170000 0.000479
0.171000 0.000456
0.172000 0.000451
0.173000 0.000434
0.174000 0.000447
0.175000 0.000427
0.176000 0.000414
0.177000 0.000424
0.178000 0.000422
0.179000 0.000416
0.180000 0.000420
0.181000 0.000393
0.182000 0.000390
0.183000 0.000383
0.184000 0.000401
0.185000 0.000384
0.186000 0.000360
0.187000 0.000398
0.188000 0.000361
0.189000 0.000356
0.190000 0.000374
0.191000 0.000349
0.192000 0.000338
0.193000 0.000338
0.194000 0.000345
0.195000 0.000313
0.196000 0.000326
0.197000 0.000332
0.198000 0.000305
0.199000 0.000321
0.200000 0.000324
0.201000 0.000304
0.202000 0.000303
0.203000 0.000300
0.204000 0.000302
0.205000 0.000286
0.206000 0.000274
0.207000 0.000274
0.208000 0.000272
0.209000 0.000267
0.210000 0.000276
0.211000 0.000265
0.212000 0.000258
0.213000 0.000263
0.214000 0.000259
0.215000 0.000248
0.216000 0.000236
0.217000 0.000239
0.218000 0.000242
0.219000 0.000239
0.220000 0.000245
0.221000 0.000254
0.222000 0.000244
0.223000 0.000231
0.224000 0.000232
0.225000 0.000229
0.226000 0.000226
0.227000 0.000221
0.228000 0.000235
0.229000 0.000212
0.230000 0.000220
0.231000 0.000215
0.232000 0.000212
0.233000 0.000206
0.234000 0.000216
0.235000 0.000205
0.236000 0.000205
0.237000 0.000199
0.238000 0.000217
0.239000 0.000194
0.240000 0.000221
0.241000 0.000198
0.242000 0.000201
0.243000 0.000197
0.244000 0.000192
0.245000 0.000190
0.246000 0.000185
0.247000 0.000192
0.248000 0.000189
0.249000 0.000180
0.250000 0.000187
0.251000 0.000187
0.252000 0.000180
0.253000 0.000183
0.254000 0.000179
0.255000 0.000194
0.256000 0.000175
0.257000 0.000176
0.258000 0.000175
0.259000 0.000180
0.260000 0.000171
0.261000 0.000182
0.262000 0.000186
0.263000 0.000172
0.264000 0.000173
0.265000 0.000168
0.266000 0.000166
0.267000 0.000182
0.268000 0.000188
0.269000 0.000165
0.270000 0.000179
0.271000 0.000185
0.272000 0.000172
0.273000 0.000178
0.274000 0.000179
0.275000 0.000173
0.276000 0.000179
0.277000 0.000177
0.278000 0.000180
0.279000 0.000180
0.280000 0.000194
0.281000 0.000183
0.282000 0.000175
0.283000 0.000190
0.284000 0.000191
0.285000 0.000205
0.286000 0.000193
0.287000 0.000179
0.288000 0.000207
0.289000 0.000180
0.290000 0.000187
0.291000 0.000199
0.292000 0.000195
0.293000 0.000202
0.294000 0.000195
0.295000 0.000204
0.296000 0.000206
0.297000 0.000200
0.298000 0.000203
0.299000 0.000211
0.300000 0.000217
0.301000 0.000209
0.302000 0.000220
0.303000 0.000206
0.304000 0.000224
0.305000 0.000215
0.306000 0.000222
0.307000 0.000227
0.308000 0.000231
0.309000 0.000225
0.310000 0.000251
0.311000 0.000239
0.312000 0.000245
0.313000 0.000237
0.314000 0.000247
0.315000 0.000248
0.316000 0.000245
0.317000 0.000251
0.318000 0.000267
0.319000 0.000263
0.320000 0.000254
0.321000 0.000254
0.322000 0.000270
0.323000 0.000275
0.324000 0.000279
0.325000 0.000281
0.326000 0.000284
0.327000 0.000292
0.328000 0.000274
0.329000 0.000291
0.330000 0.000283
0.331000 0.000297
0.332000 0.000299
0.333000 0.000296
0.334000 0.000325
0.335000 0.000298
0.336000 0.000318
0.337000 0.000320
0.338000 0.000356
0.339000 0.000320
0.340000 0.000347
0.341000 0.000358
0.342000 0.000369
0.343000 0.000370
0.344000 0.000368
0.345000 0.000370
0.346000 0.000370
0.347000 0.000356
0.348000 0.000386
0.349000 0.000386
0.350000 0.000379
0.351000 0.000392
0.352000 0.000403
0.353000 0.000410
0.354000 0.000414
0.355000 0.000403
0.356000 0.000410
0.357000 0.000437
0.358000 0.000411
0.359000 0.000417
0.360000 0.000468
0.361000 0.000472
0.362000 0.000446
0.363000 0.000477
0.364000 0.000458
0.365000 0.000477
0.366000 0.000479
0.367000 0.000488
0.368000 0.000509
0.369000 0.000509
0.370000 0.000490
0.371000 0.000513
0.372000 0.000541
0.373000 0.000539
0.374000 0.000563
0.375000 0.000538
0.376000 0.000559
0.377000 0.000573
0.378000 0.000558
0.379000 0.000611
0.380000 0.000576
0.381000 0.000626
0.382000 0.000597
0.383000 0.000610
0.384000 0.000621
0.385000 0.000641
0.386000 0.000673
0.387000 0.000678
0.388000 0.000672
0.389000 0.000691
0.390000 0.000679
0.391000 0.000688
0.392000 0.000713
0.393000 0.000698
0.394000 0.000712
0.395000 0.000724
0.396000 0.000717
0.397000 0.000735
0.398000 0.000754
0.399000 0.000782
0.400000 0.000758
0.401000 0.000796
0.402000 0.000784
0.403000 0.000797
0.404000 0.000793
0.405000 0.000827
0.406000 0.000845
0.407000 0.000824
0.408000 0.000839
0.409000 0.000845
0.410000 0.000860
0.411000 0.000887
0.412000 0.000884
0.413000 0.000867
0.414000 0.000893
0.415000 0.000918
0.416000 0.000931
0.417000 0.000907
0.418000 0.000938
0.419000 0.000924
0.420000 0.000941
0.421000 0.000966
0.422000 0.000968
0.423000 0.000971
0.424000 0.000993
0.425000 0.000998
0.426000 0.001004
0.427000 0.001025
0.428000 0.001008
0.429000 0.001031
0.430000 0.001032
0.431000 0.001068
0.432000 0.001045
0.433000 0.001057
0.434000 0.001057
0.435000 0.001085
0.436000 0.001068
0.437000 0.001095
0.438000 0.001115
0.439000 0.001081
0.440000 0.001098
0.441000 0.001097
0.442000 0.001126
0.443000 0.001129
0.444000 0.001154
0.445000 0.001179
0.446000 0.001144
0.447000 0.001185
0.448000 0.001210
0.449000 0.001187
0.450000 0.001179
0.451000 0.001180
0.452000 0.001171
0.453000 0.001205
0.454000 0.001187
0.455000 0.001231
0.456000 0.001221
0.457000 0.001244
0.458000 0.001234
0.459000 0.001214
0.460000 0.001261
0.461000 0.001253
0.462000 0.001259
0.463000 0.001280
0.464000 0.001276
0.465000 0.001294
0.466000 0.001256
0.467000 0.001315
0.468000 0.001278
0.469000 0.001304
0.470000 0.001292
0.471000 0.001307
0.472000 0.001328
0.473000 0.001332
0.474000 0.001347
0.475000 0.001332
0.476000 0.001307
0.477000 0.001308
0.478000 0.001321
0.479000 0.001334
0.480000 0.001322
0.481000 0.001345
0.482000 0.001354
0.483000 0.001346
0.484000 0.001333
0.485000 0.001387
0.486000 0.001344
0.487000 0.001363
0.488000 0.001353
0.489000 0.001355
0.490000 0.001384
0.491000 0.001357
0.492000 0.001326
0.493000 0.001372
0.494000 0.001389
0.495000 0.001327
0.496000 0.001346
0.497000 0.001372
0.498000 0.001364
0.499000 0.001366
0.500000 0.001398
0.501000 0.001370
0.502000 0.001377
0.503000 0.001368
0.504000 0.001357
0.505000 0.001354
0.506000 0.001363
0.507000 0.001368
0.508000 0.001348
0.509000 0.001381
0.510000 0.001348
0.511000 0.001346
0.512000 0.001333
0.513000 0.001363
0.514000 0.001343
0.515000 0.001348
0.516000 0.001348
0.517000 0.001345
0.518000 0.001294
0.519000 0.001353
0.520000 0.001329
0.521000 0.001332
0.522000 0.001299
0.523000 0.001312
0.524000 0.001312
0.525000 0.001348
0.526000 0.001274
0.527000 0.001275
0.528000 0.001286
0.529000 0.001307
0.530000 0.001265
0.531000 0.001275
0.532000 0.001290
0.533000 0.001280
0.534000 0.001267
0.535000 0.001225
0.536000 0.001234
0.537000 0.001231
0.538000 0.001214
0.539000 0.001228
0.540000 0.001221
0.541000 0.001193
0.542000 0.001216
0.543000 0.001198
0.544000 0.001236
0.545000 0.001174
0.546000 0.001185
0.547000 0.001154
0.548000 0.001157
0.549000 0.001154
0.550000 0.001141
0.551000 0.001132
0.552000 0.001128
0.553000 0.001135
0.554000 0.001146
0.555000 0.001106
0.556000 0.001115
0.557000 0.001089
0.558000 0.001071
0.559000 0.001058
0.560000 0.001034
0.561000 0.001044
0.562000 0.001033
0.563000 0.001047
0.564000 0.001045
0.565000 0.001051
0.566000 0.001016
0.567000 0.001012
0.568000 0.000985
0.569000 0.001002
0.570000 0.000983
0.571000 0.001009
0.572000 0.000956
0.573000 0.000926
0.574000 0.000940
0.575000 0.000905
0.576000 0.000911
0.577000 0.000912
0.578000 0.000913
0.579000 0.000927
0.580000 0.000891
0.581000 0.000888
0.582000 0.000846
0.583000 0.000887
0.584000 0.000852
0.585000 0.000820
0.586000 0.000857
0.587000 0.000843
0.588000 0.000825
0.589000 0.000820
0.590000 0.000808
0.591000 0.000803
0.592000 0.000762
0.593000 0.000802
0.594000 0.000766
0.595000 0.000782
0.596000 0.000772
0.597000 0.000745
0.598000 0.000763
0.599000 0.000743
0.600000 0.000731
0.601000 0.000729
0.602000 0.000728
0.603000 0.000708
0.604000 0.000721
0.605000 0.000698
0.606000 0.000719
0.607000 0.000662
0.608000 0.000659
0.609000 0.000665
0.610000 0.000664
0.611000 0.000637
0.612000 0.000649
0.613000 0.000649
0.614000 0.000632
0.615000 0.000626
0.616000 0.000639
0.617000 0.000618
0.618000 0.000597
0.619000 0.000605
0.620000 0.000581
0.621000 0.000582
0.622000 0.000577
0.623000 0.000573
0.624000 0.000562
0.625000 0.000560
0.626000 0.000561
0.627000 0.000562
0.628000 0.000536
0.629000 0.000550
0.630000 0.000541
0.631000 0.000507
0.632000 0.000520
0.633000 0.000500
0.634000 0.000506
0.635000 0.000494
0.636000 0.000503
0.637000 0.000465
0.638000 0.000485
0.639000 0.000490
0.640000 0.000460
0.641000 0.000459
0.642000 0.000469
0.643000 0.000454
0.644000 0.000442
0.645000 0.000432
0.646000 0.000405
0.647000 0.000416
0.648000 0.000404
0.649000 0.000419
0.650000 0.000405
0.651000 0.000397
0.652000 0.000406
0.653000 0.000392
0.654000 0.000384
0.655000 0.000375
0.656000 0.000356
0.657000 0.000346
0.658000 0.000373
0.659000 0.000348
0.660000 0.000365
0.661000 0.000358
0.662000 0.000345
0.663000 0.000349
0.664000 0.000347
0.665000 0.000350
0.666000 0.000321
0.667000 0.000353
0.668000 0.000333
0.669000 0.000323
0.670000 0.000311
0.671000 0.000324
0.672000 0.000314
0.673000 0.000313
0.674000 0.000315
0.675000 0.000311
0.676000 0.000304
0.677000 0.000300
0.678000 0.000304
0.679000 0.000297
0.680000 0.000300
0.681000 0.000288
0.682000 0.000300
0.683000 0.000288
0.684000 0.000285
0.685000 0.000276
0.686000 0.000276
0.687000 0.000272
0.688000 0.000266
0.689000 0.000262
0.690000 0.000257
0.691000 0.000251
0.692000 0.000255
0.693000 0.000253
0.694000 0.000249
0.695000 0.000257
0.696000 0.000245
0.697000 0.000243
0.698000 0.000244
0.699000 0.000232
0.700000 0.000233
0.701000 0.000232
0.702000 0.000224
0.703000 0.000234
0.704000 0.000229
0.705000 0.000227
0.706000 0.000231
0.707000 0.000219
0.708000 0.000217
0.709000 0.000230
0.710000 0.000212
0.711000 0.000223
0.712000 0.000215
0.713000 0.000226
0.714000 0.000221
0.715000 0.000228
0.716000 0.000214
0.717000 0.000229
0.718000 0.000224
0.719000 0.000221
0.720000 0.000214
0.721000 0.000225
0.722000 0.000225
0.723000 0.000216
0.724000 0.000209
0.725000 0.000217
0.726000 0.000215
0.727000 0.000212
0.728000 0.000213
0.729000 0.000226
0.730000 0.000214
0.731000 0.000221
0.732000 0.000197
0.733000 0.000206
0.734000 0.000212
0.735000 0.000205
0.736000 0.000206
0.737000 0.000217
0.738000 0.000201
0.739000 0.000216
0.740000 0.000204
0.741000 0.000206
0.742000 0.000210
0.743000 0.000208
0.744000 0.000216
0.745000 0.000207
0.746000 0.000214
0.747000 0.000212
0.748000 0.000211
0.749000 0.000221
0.750000 0.000224
0.751000 0.000222
0.752000 0.000224
0.753000 0.000201
0.754000 0.000225
0.755000 0.000204
0.756000 0.000208
0.757000 0.000201
0.758000 0.000221
0.759000 0.000222
0.760000 0.000230
0.761000 0.000235
0.762000 0.000242
0.763000 0.000224
0.764000 0.000224
0.765000 0.000229
0.766000 0.000225
0.767000 0.000218
0.768000 0.000228
0.769000 0.000228
0.770000 0.000250
0.771000 0.000239
0.772000 0.000235
0.773000 0.000255
0.774000 0.000249
0.775000 0.000241
0.776000 0.000268
0.777000 0.000259
0.778000 0.000251
0.779000 0.000248
0.780000 0.000251
0.781000 0.000254
0.782000 0.000276
0.783000 0.000262
0.784000 0.000287
0.785000 0.000270
0.786000 0.000280
0.787000 0.000269
0.788000 0.000277
0.789000 0.000280
0.790000 0.000276
0.791000 0.000297
0.792000 0.000290
0.793000 0.000289
0.794000 0.000307
0.795000 0.000286
0.796000 0.000310
0.797000 0.000303
0.798000 0.000311
0.799000 0.000310
0.800000 0.000316
0.801000 0.000327
0.802000 0.000341
0.803000 0.000331
0.804000 0.000334
0.805000 0.000337
0.806000 0.000338
0.807000 0.000349
0.808000 0.000347
0.809000 0.000345
0.810000 0.000373
0.811000 0.000376
0.812000 0.000380
0.813000 0.000375
0.814000 0.000380
0.815000 0.000379
0.816000 0.000387
0.817000 0.000390
0.818000 0.000401
0.819000 0.000389
0.820000 0.000412
0.821000 0.000413
0.822000 0.000423
0.823000 0.000445
0.824000 0.000436
0.825000 0.000452
0.826000 0.000443
0.827000 0.000458
0.828000 0.000454
0.829000 0.000480
0.830000 0.000477
0.831000 0.000496
0.832000 0.000470
0.833000 0.000482
0.834000 0.000500
0.835000 0.000496
0.836000 0.000515
0.837000 0.000532
0.838000 0.000539
0.839000 0.000529
0.840000 0.000543
0.841000 0.000554
0.842000 0.000574
0.843000 0.000556
0.844000 0.000578
0.845000 0.000584
0.846000 0.000586
0.847000 0.000607
0.848000 0.000606
0.849000 0.000609
0.850000 0.000639
0.851000 0.000615
0.852000 0.000647
0.853000 0.000628
0.854000 0.000666
0.855000 0.000662
0.856000 0.000665
0.857000 0.000681
0.858000 0.000673
0.859000 0.000678
0.860000 0.000742
0.861000 0.000727
0.862000 0.000700
0.863000 0.000724
0.864000 0.000767
0.865000 0.000766
0.866000 0.000762
0.867000 0.000782
0.868000 0.000789
0.869000 0.000795
0.870000 0.000811
0.871000 0.000807
0.872000 0.000840
0.873000 0.000817
0.874000 0.000867
0.875000 0.000885
0.876000 0.000875
0.877000 0.000918
0.878000 0.000901
0.879000 0.000900
0.880000 0.000934
0.881000 0.000941
0.882000 0.000938
0.883000 0.000949
0.884000 0.000964
0.885000 0.000991
0.886000 0.001025
0.887000 0.000997
0.888000 0.001012
0.889000 0.001052
0.890000 0.001025
0.891000 0.001027
0.892000 0.001046
0.893000 0.001085
0.894000 0.001070
0.895000 0.001086
0.896000 0.001084
0.897000 0.001137
0.898000 0.001144
0.899000 0.001156
0.900000 0.001192
0.901000 0.001185
0.902000 0.001241
0.903000 0.001211
0.904000 0.001247
0.905000 0.001255
0.906000 0.001307
0.907000 0.001292
0.908000 0.001338
0.909000 0.001331
0.910000 0.001362
0.911000 0.001384
0.912000 0.001412
0.913000 0.001415
0.914000 0.001444
0.915000 0.001459
0.916000 0.001474
0.917000 0.001482
0.918000 0.001546
0.919000 0.001538
0.920000 0.001546
0.921000 0.001585
0.922000 0.001607
0.923000 0.001629
0.924000 0.001641
0.925000 0.001714
0.926000 0.001737
0.927000 0.001713
0.928000 0.001767
0.929000 0.001788
0.930000 0.001774
0.931000 0.001825
0.932000 0.001876
0.933000 0.001825
0.934000 0.001902
0.935000 0.001954
0.936000 0.001971
0.937000 0.001972
0.938000 0.002008
0.939000 0.002040
0.940000 0.002101
0.941000 0.002074
0.942000 0.002129
0.943000 0.002178
0.944000 0.002150
0.945000 0.002209
0.946000 0.002240
0.947000 0.002266
0.948000 0.002323
0.949000 0.002350
0.950000 0.002337
0.951000 0.002439
0.952000 0.002410
0.953000 0.002492
0.954000 0.002508
0.955000 0.002539
0.956000 0.002609
0.957000 0.002630
0.958000 0.002630
0.959000 0.002717
0.960000 0.002731
0.961000 0.002747
0.962000 0.002824
0.963000 0.002812
0.964000 0.002900
0.965000 0.002938
0.966000 0.003021
0.967000 0.003027
0.968000 0.003024
0.969000 0.003146
0.970000 0.003152
0.971000 0.003207
0.972000 0.003224
0.973000 0.003282
0.974000 0.003311
0.975000 0.003418
0.976000 0.003434
0.977000 0.003501
0.978000 0.003518
0.979000 0.003653
0.980000 0.003616
0.981000 0.003731
0.982000 0.003751
0.983000 0.003766
0.984000 0.003846
0.985000 0.003920
0.986000 0.003948
0.987000 0.004006
0.988000 0.004103
0.989000 0.004183
0.990000 0.004224
0.991000 0.004256
0.992000 0.004361
0.993000 0.004396
0.994000 0.004429
0.995000 0.004547
0.996000 0.004595
0.997000 0.004749
0.998000 0.004695
0.999000 0.004861
1.000000 0.004888

