0.1 0.196094 
0.2 0.384374 
0.3 0.564842 
0.4 0.737496 
0.5 0.902338 
0.6 1.059366 
0.7 1.208582 
0.8 1.349985 
0.9 1.483574 
1.0 1.609351 
1.2 1.837465 
1.4 2.034328 
1.6 2.102414 
2.0 1.856804 
2.2 1.547815 
2.6 0.493617 
3.0 1.227112 
0.1 0.196094
0.196094 
0.2 0.384374
0.384374 
0.3 0.564842
0.564842 
0.4 0.737496
0.737496 
0.5 0.902338
0.902338 
0.6 1.059366
1.059366 
0.7 1.208582
1.208582 
0.8 1.349985
1.349985 
0.9 1.483574
1.483574 
1.0 1.609351
1.609351 
1.2 1.837465
1.837465 
1.4 2.034328
2.034328 
1.6 2.102414
2.102414 
2.0 1.856804
1.856804 
2.2 1.547815
1.547815 
2.6 0.493617
0.493617 
3.0 1.227112
1.227112 
0.1 0.196094
0.196094
0.177846 
0.2 0.384374
0.384374
0.331870 
0.3 0.564842
0.564842
0.488402 
0.4 0.737496
0.737496
0.719502 
0.5 0.902338
0.902338
1.068147 
0.6 1.059366
1.059366
1.744470 
0.7 1.208582
1.208582
3.032157 
0.8 1.349985
1.349985
5.174265 
0.9 1.483574
1.483574
9.174306 
1.0 1.609351
1.609351
14.981195 
1.2 1.837465
1.837465
39.560842 
1.4 2.034328
2.034328
94.796178 
1.6 2.102414
2.102414
205.814166 
2.0 1.856804
1.856804
720.184441 
2.2 1.547815
1.547815
1228.144171 
2.6 0.493617
0.493617
3021.194759 
3.0 1.227112
1.227112
6398.642163 
