0.111000 0.000000
0.112000 0.000000
0.114000 0.000000
0.115000 0.000000
0.118000 0.000000
0.121000 0.000000
0.124000 0.000000
0.125000 0.000000
0.132000 0.000000
0.133000 0.000000
0.135000 0.000000
0.136000 0.000000
0.138000 0.000000
0.139000 0.000000
0.141000 0.000000
0.142000 0.000000
0.143000 0.000000
0.144000 0.000000
0.145000 0.000000
0.146000 0.000000
0.147000 0.000000
0.148000 0.000000
0.150000 0.000000
0.151000 0.000000
0.152000 0.000000
0.153000 0.000000
0.154000 0.000001
0.155000 0.000001
0.156000 0.000000
0.157000 0.000001
0.158000 0.000000
0.159000 0.000000
0.162000 0.000000
0.163000 0.000000
0.164000 0.000000
0.165000 0.000000
0.166000 0.000000
0.167000 0.000000
0.168000 0.000000
0.170000 0.000000
0.171000 0.000000
0.172000 0.000000
0.173000 0.000000
0.174000 0.000000
0.175000 0.000000
0.176000 0.000000
0.177000 0.000001
0.178000 0.000000
0.179000 0.000000
0.180000 0.000001
0.181000 0.000000
0.182000 0.000000
0.183000 0.000000
0.184000 0.000002
0.185000 0.000001
0.186000 0.000001
0.187000 0.000002
0.188000 0.000000
0.189000 0.000001
0.190000 0.000000
0.192000 0.000001
0.193000 0.000001
0.194000 0.000001
0.195000 0.000001
0.196000 0.000001
0.197000 0.000001
0.198000 0.000000
0.199000 0.000001
0.200000 0.000001
0.201000 0.000001
0.202000 0.000000
0.203000 0.000001
0.204000 0.000001
0.205000 0.000001
0.206000 0.000002
0.207000 0.000001
0.208000 0.000002
0.209000 0.000001
0.210000 0.000002
0.211000 0.000003
0.212000 0.000001
0.213000 0.000001
0.214000 0.000001
0.215000 0.000002
0.216000 0.000002
0.217000 0.000001
0.218000 0.000002
0.219000 0.000002
0.220000 0.000002
0.221000 0.000001
0.222000 0.000002
0.223000 0.000003
0.224000 0.000003
0.225000 0.000002
0.226000 0.000003
0.227000 0.000003
0.228000 0.000004
0.229000 0.000003
0.230000 0.000004
0.231000 0.000002
0.232000 0.000004
0.233000 0.000003
0.234000 0.000003
0.235000 0.000003
0.236000 0.000003
0.237000 0.000003
0.238000 0.000006
0.239000 0.000005
0.240000 0.000004
0.241000 0.000004
0.242000 0.000004
0.243000 0.000005
0.244000 0.000006
0.245000 0.000004
0.246000 0.000004
0.247000 0.000006
0.248000 0.000004
0.249000 0.000005
0.250000 0.000006
0.251000 0.000005
0.252000 0.000004
0.253000 0.000007
0.254000 0.000006
0.255000 0.000008
0.256000 0.000006
0.257000 0.000007
0.258000 0.000006
0.259000 0.000008
0.260000 0.000006
0.261000 0.000007
0.262000 0.000006
0.263000 0.000006
0.264000 0.000007
0.265000 0.000007
0.266000 0.000008
0.267000 0.000009
0.268000 0.000009
0.269000 0.000009
0.270000 0.000009
0.271000 0.000008
0.272000 0.000010
0.273000 0.000011
0.274000 0.000011
0.275000 0.000011
0.276000 0.000015
0.277000 0.000013
0.278000 0.000017
0.279000 0.000013
0.280000 0.000017
0.281000 0.000016
0.282000 0.000018
0.283000 0.000017
0.284000 0.000015
0.285000 0.000019
0.286000 0.000020
0.287000 0.000017
0.288000 0.000020
0.289000 0.000023
0.290000 0.000019
0.291000 0.000022
0.292000 0.000030
0.293000 0.000022
0.294000 0.000028
0.295000 0.000025
0.296000 0.000028
0.297000 0.000030
0.298000 0.000027
0.299000 0.000027
0.300000 0.000033
0.301000 0.000032
0.302000 0.000030
0.303000 0.000032
0.304000 0.000030
0.305000 0.000039
0.306000 0.000040
0.307000 0.000043
0.308000 0.000046
0.309000 0.000044
0.310000 0.000047
0.311000 0.000049
0.312000 0.000050
0.313000 0.000054
0.314000 0.000052
0.315000 0.000055
0.316000 0.000056
0.317000 0.000053
0.318000 0.000065
0.319000 0.000066
0.320000 0.000069
0.321000 0.000073
0.322000 0.000081
0.323000 0.000076
0.324000 0.000087
0.325000 0.000088
0.326000 0.000093
0.327000 0.000092
0.328000 0.000098
0.329000 0.000100
0.330000 0.000099
0.331000 0.000104
0.332000 0.000106
0.333000 0.000118
0.334000 0.000118
0.335000 0.000131
0.336000 0.000127
0.337000 0.000136
0.338000 0.000133
0.339000 0.000144
0.340000 0.000147
0.341000 0.000158
0.342000 0.000168
0.343000 0.000171
0.344000 0.000176
0.345000 0.000187
0.346000 0.000189
0.347000 0.000201
0.348000 0.000212
0.349000 0.000207
0.350000 0.000216
0.351000 0.000218
0.352000 0.000245
0.353000 0.000244
0.354000 0.000260
0.355000 0.000270
0.356000 0.000262
0.357000 0.000278
0.358000 0.000285
0.359000 0.000288
0.360000 0.000310
0.361000 0.000330
0.362000 0.000327
0.363000 0.000330
0.364000 0.000330
0.365000 0.000359
0.366000 0.000361
0.367000 0.000386
0.368000 0.000377
0.369000 0.000422
0.370000 0.000422
0.371000 0.000421
0.372000 0.000435
0.373000 0.000442
0.374000 0.000477
0.375000 0.000476
0.376000 0.000485
0.377000 0.000523
0.378000 0.000524
0.379000 0.000537
0.380000 0.000562
0.381000 0.000580
0.382000 0.000581
0.383000 0.000603
0.384000 0.000641
0.385000 0.000671
0.386000 0.000651
0.387000 0.000670
0.388000 0.000702
0.389000 0.000720
0.390000 0.000753
0.391000 0.000767
0.392000 0.000804
0.393000 0.000799
0.394000 0.000807
0.395000 0.000864
0.396000 0.000852
0.397000 0.000865
0.398000 0.000894
0.399000 0.000924
0.400000 0.000956
0.401000 0.000987
0.402000 0.001006
0.403000 0.001023
0.404000 0.001078
0.405000 0.001085
0.406000 0.001097
0.407000 0.001119
0.408000 0.001159
0.409000 0.001158
0.410000 0.001188
0.411000 0.001269
0.412000 0.001262
0.413000 0.001279
0.414000 0.001302
0.415000 0.001345
0.416000 0.001358
0.417000 0.001416
0.418000 0.001480
0.419000 0.001486
0.420000 0.001505
0.421000 0.001538
0.422000 0.001534
0.423000 0.001565
0.424000 0.001596
0.425000 0.001628
0.426000 0.001657
0.427000 0.001711
0.428000 0.001737
0.429000 0.001760
0.430000 0.001799
0.431000 0.001834
0.432000 0.001863
0.433000 0.001921
0.434000 0.001961
0.435000 0.001964
0.436000 0.002027
0.437000 0.002081
0.438000 0.002105
0.439000 0.002162
0.440000 0.002180
0.441000 0.002179
0.442000 0.002241
0.443000 0.002271
0.444000 0.002313
0.445000 0.002363
0.446000 0.002400
0.447000 0.002420
0.448000 0.002470
0.449000 0.002493
0.450000 0.002547
0.451000 0.002605
0.452000 0.002612
0.453000 0.002673
0.454000 0.002705
0.455000 0.002680
0.456000 0.002766
0.457000 0.002813
0.458000 0.002782
0.459000 0.002896
0.460000 0.002862
0.461000 0.002959
0.462000 0.002967
0.463000 0.002977
0.464000 0.003051
0.465000 0.003061
0.466000 0.003100
0.467000 0.003117
0.468000 0.003123
0.469000 0.003172
0.470000 0.003203
0.471000 0.003243
0.472000 0.003293
0.473000 0.003288
0.474000 0.003328
0.475000 0.003284
0.476000 0.003332
0.477000 0.003366
0.478000 0.003416
0.479000 0.003443
0.480000 0.003457
0.481000 0.003492
0.482000 0.003519
0.483000 0.003535
0.484000 0.003513
0.485000 0.003587
0.486000 0.003600
0.487000 0.003584
0.488000 0.003609
0.489000 0.003616
0.490000 0.003615
0.491000 0.003649
0.492000 0.003693
0.493000 0.003706
0.494000 0.003693
0.495000 0.003718
0.496000 0.003683
0.497000 0.003665
0.498000 0.003733
0.499000 0.003715
0.500000 0.003717
0.501000 0.003696
0.502000 0.003644
0.503000 0.003689
0.504000 0.003681
0.505000 0.003688
0.506000 0.003710
0.507000 0.003702
0.508000 0.003672
0.509000 0.003688
0.510000 0.003708
0.511000 0.003630
0.512000 0.003634
0.513000 0.003594
0.514000 0.003596
0.515000 0.003605
0.516000 0.003561
0.517000 0.003574
0.518000 0.003585
0.519000 0.003561
0.520000 0.003501
0.521000 0.003479
0.522000 0.003468
0.523000 0.003444
0.524000 0.003396
0.525000 0.003333
0.526000 0.003323
0.527000 0.003381
0.528000 0.003324
0.529000 0.003260
0.530000 0.003299
0.531000 0.003210
0.532000 0.003169
0.533000 0.003142
0.534000 0.003048
0.535000 0.003084
0.536000 0.003030
0.537000 0.002999
0.538000 0.003015
0.539000 0.002940
0.540000 0.002914
0.541000 0.002868
0.542000 0.002888
0.543000 0.002826
0.544000 0.002757
0.545000 0.002747
0.546000 0.002717
0.547000 0.002612
0.548000 0.002660
0.549000 0.002644
0.550000 0.002610
0.551000 0.002554
0.552000 0.002539
0.553000 0.002489
0.554000 0.002497
0.555000 0.002435
0.556000 0.002387
0.557000 0.002322
0.558000 0.002276
0.559000 0.002249
0.560000 0.002205
0.561000 0.002227
0.562000 0.002165
0.563000 0.002134
0.564000 0.002111
0.565000 0.002040
0.566000 0.002023
0.567000 0.001972
0.568000 0.001895
0.569000 0.001890
0.570000 0.001839
0.571000 0.001841
0.572000 0.001795
0.573000 0.001725
0.574000 0.001760
0.575000 0.001700
0.576000 0.001655
0.577000 0.001617
0.578000 0.001600
0.579000 0.001532
0.580000 0.001511
0.581000 0.001478
0.582000 0.001463
0.583000 0.001439
0.584000 0.001372
0.585000 0.001333
0.586000 0.001337
0.587000 0.001305
0.588000 0.001270
0.589000 0.001234
0.590000 0.001195
0.591000 0.001202
0.592000 0.001152
0.593000 0.001136
0.594000 0.001100
0.595000 0.001087
0.596000 0.001083
0.597000 0.001034
0.598000 0.000998
0.599000 0.001002
0.600000 0.000975
0.601000 0.000932
0.602000 0.000927
0.603000 0.000875
0.604000 0.000879
0.605000 0.000847
0.606000 0.000820
0.607000 0.000813
0.608000 0.000788
0.609000 0.000774
0.610000 0.000745
0.611000 0.000734
0.612000 0.000694
0.613000 0.000693
0.614000 0.000673
0.615000 0.000663
0.616000 0.000634
0.617000 0.000613
0.618000 0.000596
0.619000 0.000580
0.620000 0.000577
0.621000 0.000555
0.622000 0.000538
0.623000 0.000515
0.624000 0.000510
0.625000 0.000496
0.626000 0.000488
0.627000 0.000463
0.628000 0.000443
0.629000 0.000432
0.630000 0.000417
0.631000 0.000424
0.632000 0.000399
0.633000 0.000373
0.634000 0.000367
0.635000 0.000353
0.636000 0.000348
0.637000 0.000324
0.638000 0.000313
0.639000 0.000315
0.640000 0.000294
0.641000 0.000299
0.642000 0.000291
0.643000 0.000271
0.644000 0.000274
0.645000 0.000256
0.646000 0.000248
0.647000 0.000243
0.648000 0.000235
0.649000 0.000219
0.650000 0.000207
0.651000 0.000217
0.652000 0.000203
0.653000 0.000193
0.654000 0.000188
0.655000 0.000184
0.656000 0.000173
0.657000 0.000170
0.658000 0.000163
0.659000 0.000166
0.660000 0.000158
0.661000 0.000147
0.662000 0.000149
0.663000 0.000146
0.664000 0.000137
0.665000 0.000129
0.666000 0.000126
0.667000 0.000132
0.668000 0.000126
0.669000 0.000116
0.670000 0.000102
0.671000 0.000106
0.672000 0.000108
0.673000 0.000105
0.674000 0.000092
0.675000 0.000094
0.676000 0.000086
0.677000 0.000081
0.678000 0.000081
0.679000 0.000079
0.680000 0.000069
0.681000 0.000071
0.682000 0.000068
0.683000 0.000065
0.684000 0.000059
0.685000 0.000059
0.686000 0.000059
0.687000 0.000056
0.688000 0.000054
0.689000 0.000049
0.690000 0.000050
0.691000 0.000048
0.692000 0.000047
0.693000 0.000045
0.694000 0.000042
0.695000 0.000044
0.696000 0.000044
0.697000 0.000037
0.698000 0.000033
0.699000 0.000038
0.700000 0.000033
0.701000 0.000035
0.702000 0.000033
0.703000 0.000032
0.704000 0.000031
0.705000 0.000028
0.706000 0.000028
0.707000 0.000032
0.708000 0.000025
0.709000 0.000027
0.710000 0.000026
0.711000 0.000025
0.712000 0.000022
0.713000 0.000023
0.714000 0.000025
0.715000 0.000026
0.716000 0.000021
0.717000 0.000021
0.718000 0.000017
0.719000 0.000020
0.720000 0.000016
0.721000 0.000019
0.722000 0.000015
0.723000 0.000020
0.724000 0.000015
0.725000 0.000021
0.726000 0.000018
0.727000 0.000018
0.728000 0.000015
0.729000 0.000015
0.730000 0.000015
0.731000 0.000015
0.732000 0.000014
0.733000 0.000018
0.734000 0.000015
0.735000 0.000014
0.736000 0.000015
0.737000 0.000014
0.738000 0.000019
0.739000 0.000020
0.740000 0.000017
0.741000 0.000015
0.742000 0.000019
0.743000 0.000014
0.744000 0.000019
0.745000 0.000021
0.746000 0.000016
0.747000 0.000014
0.748000 0.000014
0.749000 0.000019
0.750000 0.000017
0.751000 0.000020
0.752000 0.000021
0.753000 0.000019
0.754000 0.000020
0.755000 0.000023
0.756000 0.000020
0.757000 0.000020
0.758000 0.000021
0.759000 0.000020
0.760000 0.000029
0.761000 0.000023
0.762000 0.000023
0.763000 0.000023
0.764000 0.000026
0.765000 0.000024
0.766000 0.000025
0.767000 0.000026
0.768000 0.000031
0.769000 0.000033
0.770000 0.000027
0.771000 0.000032
0.772000 0.000035
0.773000 0.000036
0.774000 0.000031
0.775000 0.000039
0.776000 0.000045
0.777000 0.000039
0.778000 0.000048
0.779000 0.000041
0.780000 0.000041
0.781000 0.000041
0.782000 0.000043
0.783000 0.000045
0.784000 0.000053
0.785000 0.000054
0.786000 0.000059
0.787000 0.000053
0.788000 0.000059
0.789000 0.000057
0.790000 0.000063
0.791000 0.000069
0.792000 0.000065
0.793000 0.000063
0.794000 0.000067
0.795000 0.000066
0.796000 0.000080
0.797000 0.000073
0.798000 0.000072
0.799000 0.000081
0.800000 0.000080
0.801000 0.000076
0.802000 0.000081
0.803000 0.000089
0.804000 0.000084
0.805000 0.000096
0.806000 0.000096
0.807000 0.000100
0.808000 0.000103
0.809000 0.000107
0.810000 0.000110
0.811000 0.000104
0.812000 0.000120
0.813000 0.000118
0.814000 0.000112
0.815000 0.000123
0.816000 0.000130
0.817000 0.000126
0.818000 0.000143
0.819000 0.000151
0.820000 0.000139
0.821000 0.000141
0.822000 0.000152
0.823000 0.000151
0.824000 0.000166
0.825000 0.000166
0.826000 0.000169
0.827000 0.000179
0.828000 0.000185
0.829000 0.000197
0.830000 0.000182
0.831000 0.000199
0.832000 0.000206
0.833000 0.000210
0.834000 0.000207
0.835000 0.000219
0.836000 0.000241
0.837000 0.000227
0.838000 0.000241
0.839000 0.000248
0.840000 0.000257
0.841000 0.000263
0.842000 0.000276
0.843000 0.000278
0.844000 0.000284
0.845000 0.000299
0.846000 0.000311
0.847000 0.000317
0.848000 0.000313
0.849000 0.000336
0.850000 0.000337
0.851000 0.000361
0.852000 0.000350
0.853000 0.000364
0.854000 0.000369
0.855000 0.000388
0.856000 0.000402
0.857000 0.000413
0.858000 0.000425
0.859000 0.000442
0.860000 0.000436
0.861000 0.000446
0.862000 0.000463
0.863000 0.000478
0.864000 0.000486
0.865000 0.000496
0.866000 0.000541
0.867000 0.000535
0.868000 0.000544
0.869000 0.000548
0.870000 0.000549
0.871000 0.000576
0.872000 0.000577
0.873000 0.000603
0.874000 0.000621
0.875000 0.000634
0.876000 0.000671
0.877000 0.000668
0.878000 0.000683
0.879000 0.000724
0.880000 0.000722
0.881000 0.000756
0.882000 0.000774
0.883000 0.000774
0.884000 0.000809
0.885000 0.000819
0.886000 0.000820
0.887000 0.000835
0.888000 0.000872
0.889000 0.000882
0.890000 0.000922
0.891000 0.000936
0.892000 0.000942
0.893000 0.000971
0.894000 0.001015
0.895000 0.001024
0.896000 0.001076
0.897000 0.001059
0.898000 0.001096
0.899000 0.001110
0.900000 0.001153
0.901000 0.001174
0.902000 0.001213
0.903000 0.001219
0.904000 0.001261
0.905000 0.001271
0.906000 0.001291
0.907000 0.001367
0.908000 0.001392
0.909000 0.001422
0.910000 0.001428
0.911000 0.001459
0.912000 0.001478
0.913000 0.001529
0.914000 0.001568
0.915000 0.001585
0.916000 0.001606
0.917000 0.001677
0.918000 0.001721
0.919000 0.001719
0.920000 0.001804
0.921000 0.001798
0.922000 0.001883
0.923000 0.001916
0.924000 0.001899
0.925000 0.001981
0.926000 0.002043
0.927000 0.002087
0.928000 0.002118
0.929000 0.002158
0.930000 0.002201
0.931000 0.002229
0.932000 0.002311
0.933000 0.002329
0.934000 0.002391
0.935000 0.002488
0.936000 0.002485
0.937000 0.002530
0.938000 0.002624
0.939000 0.002625
0.940000 0.002724
0.941000 0.002779
0.942000 0.002844
0.943000 0.002899
0.944000 0.002921
0.945000 0.002994
0.946000 0.003071
0.947000 0.003101
0.948000 0.003165
0.949000 0.003275
0.950000 0.003353
0.951000 0.003350
0.952000 0.003459
0.953000 0.003547
0.954000 0.003591
0.955000 0.003707
0.956000 0.003700
0.957000 0.003860
0.958000 0.003889
0.959000 0.003992
0.960000 0.004111
0.961000 0.004177
0.962000 0.004214
0.963000 0.004311
0.964000 0.004414
0.965000 0.004531
0.966000 0.004625
0.967000 0.004717
0.968000 0.004762
0.969000 0.004872
0.970000 0.005048
0.971000 0.005056
0.972000 0.005214
0.973000 0.005291
0.974000 0.005462
0.975000 0.005533
0.976000 0.005587
0.977000 0.005709
0.978000 0.005830
0.979000 0.005957
0.980000 0.006040
0.981000 0.006149
0.982000 0.006330
0.983000 0.006415
0.984000 0.006593
0.985000 0.006671
0.986000 0.006830
0.987000 0.006969
0.988000 0.007067
0.989000 0.007105
0.990000 0.007289
0.991000 0.007446
0.992000 0.007624
0.993000 0.007719
0.994000 0.007872
0.995000 0.008055
0.996000 0.008218
0.997000 0.008482
0.998000 0.008490
0.999000 0.008803
1.000000 0.008882

